date	#num-revisions	#num-reverted-revisions	#num-vandalism-comment-reverted-revisions
2002-07-10	1	0	0
2002-11-03	1	0	0
2002-11-15	1	0	0
2002-11-30	1	0	0
2003-04-07	1	0	0
2003-07-21	1	0	0
2003-07-24	3	0	0
2003-09-05	1	0	0
2003-09-12	1	0	0
2003-09-13	1	0	0
2003-09-17	1	0	0
2003-09-20	1	0	0
2003-09-22	1	0	0
2003-09-26	1	0	0
2003-10-06	1	0	0
2003-11-12	1	0	0
2003-11-18	1	0	0
2003-11-22	4	0	0
2003-12-13	2	0	0
2003-12-28	1	0	0
2004-01-04	2	0	0
2004-01-06	1	0	0
2004-01-11	1	0	0
2004-02-10	7	0	0
2004-02-20	1	0	0
2004-02-22	1	0	0
2004-02-25	2	0	0
2004-02-26	2	0	0
2004-03-01	1	0	0
2004-03-07	1	0	0
2004-03-09	1	0	0
2004-03-18	1	0	0
2004-03-23	3	0	0
2004-03-29	1	0	0
2004-03-30	1	0	0
2004-04-08	2	0	0
2004-04-10	1	0	0
2004-04-16	1	0	0
2004-04-17	1	0	0
2004-04-21	1	0	0
2004-05-02	2	0	0
2004-06-11	1	1	0
2004-06-23	1	0	0
2004-06-25	1	0	0
2004-07-06	2	0	0
2004-07-07	3	1	0
2004-07-08	1	0	0
2004-07-20	7	2	0
2004-07-24	1	0	0
2004-07-28	1	0	0
2004-07-29	1	0	0
2004-07-30	1	0	0
2004-08-13	4	0	0
2004-08-14	4	0	0
2004-08-15	1	0	0
2004-08-16	1	0	0
2004-08-19	1	0	0
2004-08-23	1	0	0
2004-08-28	1	1	1
2004-08-30	1	0	0
2004-09-01	1	0	0
2004-09-02	4	0	0
2004-09-03	2	2	0
2004-09-09	3	0	0
2004-09-10	1	0	0
2004-09-12	1	1	0
2004-09-13	3	3	0
2004-09-14	1	0	0
2004-09-15	4	1	0
2004-09-16	2	0	0
2004-09-19	5	0	0
2004-09-20	11	0	0
2004-09-21	1	1	0
2004-09-22	4	0	0
2004-09-25	2	0	0
2004-09-26	1	0	0
2004-09-30	1	0	0
2004-10-03	1	1	0
2004-10-05	1	1	0
2004-10-07	1	0	0
2004-10-09	5	0	0
2004-10-10	2	0	0
2004-10-11	1	0	0
2004-10-12	1	0	0
2004-10-13	2	0	0
2004-10-20	2	2	2
2004-10-21	1	0	0
2004-10-25	1	0	0
2004-10-31	1	0	0
2004-11-01	1	0	0
2004-11-02	1	0	0
2004-11-03	2	0	0
2004-11-06	2	0	0
2004-11-08	2	0	0
2004-11-09	1	0	0
2004-11-12	2	2	0
2004-11-13	2	1	0
2004-11-15	1	1	0
2004-11-17	1	1	0
2004-11-18	3	0	0
2004-11-19	1	1	0
2004-11-20	3	0	0
2004-11-22	1	0	0
2004-11-26	1	0	0
2004-11-27	2	0	0
2004-11-28	2	0	0
2004-11-30	4	0	0
2004-12-04	2	0	0
2004-12-07	1	0	0
2004-12-11	5	0	0
2004-12-12	1	0	0
2004-12-14	3	0	0
2004-12-16	2	0	0
2004-12-18	1	1	1
2004-12-20	1	0	0
2004-12-21	1	0	0
2004-12-23	1	0	0
2004-12-25	2	0	0
2004-12-27	1	1	0
2004-12-29	2	1	0
2004-12-30	2	0	0
2005-01-02	1	1	0
2005-01-04	1	1	0
2005-01-07	1	1	0
2005-01-08	4	3	0
2005-01-09	2	2	0
2005-01-10	1	0	0
2005-01-12	2	2	1
2005-01-17	1	1	0
2005-01-19	3	0	0
2005-01-21	2	1	1
2005-01-22	2	0	0
2005-01-24	2	0	0
2005-01-26	1	0	0
2005-01-29	5	1	1
2005-01-31	1	0	0
2005-02-01	2	2	0
2005-02-06	5	0	0
2005-02-07	1	0	0
2005-02-13	2	0	0
2005-02-14	1	0	0
2005-02-16	2	0	0
2005-02-17	1	0	0
2005-03-03	5	0	0
2005-03-04	2	0	0
2005-03-07	1	1	0
2005-03-08	1	0	0
2005-03-09	1	0	0
2005-03-11	1	1	0
2005-03-12	1	0	0
2005-03-14	1	0	0
2005-03-21	1	0	0
2005-03-29	2	0	0
2005-03-31	2	0	0
2005-04-06	4	0	0
2005-04-10	1	0	0
2005-04-11	1	0	0
2005-04-13	2	1	0
2005-04-14	2	0	0
2005-04-15	3	0	0
2005-04-16	1	0	0
2005-04-18	2	0	0
2005-04-19	3	0	0
2005-04-22	1	0	0
2005-04-24	1	0	0
2005-04-26	1	0	0
2005-04-28	2	0	0
2005-04-30	1	0	0
2005-05-01	1	0	0
2005-05-02	2	0	0
2005-05-04	2	0	0
2005-05-05	1	1	0
2005-05-08	1	0	0
2005-05-09	2	0	0
2005-05-10	1	0	0
2005-05-11	1	0	0
2005-05-12	2	0	0
2005-05-16	4	1	0
2005-05-17	5	0	0
2005-05-19	2	1	0
2005-05-22	1	0	0
2005-05-23	5	0	0
2005-05-24	6	0	0
2005-05-25	1	0	0
2005-05-26	23	4	0
2005-05-27	1	0	0
2005-05-28	6	0	0
2005-05-29	1	0	0
2005-05-30	5	0	0
2005-05-31	2	1	0
2005-06-01	1	1	0
2005-06-02	5	0	0
2005-06-03	1	0	0
2005-06-04	2	0	0
2005-06-05	1	0	0
2005-06-06	16	0	0
2005-06-07	4	0	0
2005-06-08	2	0	0
2005-06-10	5	0	0
2005-06-11	7	0	0
2005-06-12	5	1	0
2005-06-13	6	1	0
2005-06-14	5	0	0
2005-06-15	4	1	0
2005-06-18	2	0	0
2005-06-19	9	0	0
2005-06-20	1	0	0
2005-06-21	2	1	0
2005-06-22	1	1	0
2005-06-25	2	0	0
2005-06-26	4	0	0
2005-06-28	2	0	0
2005-06-29	2	0	0
2005-07-06	2	1	1
2005-07-07	3	1	1
2005-07-08	2	0	0
2005-07-09	4	1	0
2005-07-10	6	0	0
2005-07-11	3	0	0
2005-07-12	5	2	0
2005-07-13	1	0	0
2005-07-14	8	1	0
2005-07-15	2	0	0
2005-07-16	3	0	0
2005-07-17	3	1	0
2005-07-18	2	0	0
2005-07-19	5	0	0
2005-07-20	2	1	1
2005-07-21	10	1	0
2005-07-23	4	0	0
2005-07-25	1	1	0
2005-07-30	2	2	0
2005-07-31	1	0	0
2005-08-02	1	0	0
2005-08-03	1	0	0
2005-08-04	4	1	0
2005-08-07	5	2	0
2005-08-09	3	3	0
2005-08-10	7	1	0
2005-08-14	1	0	0
2005-08-15	1	0	0
2005-08-16	5	1	0
2005-08-17	1	0	0
2005-08-18	1	1	0
2005-08-25	3	2	0
2005-08-26	5	1	0
2005-08-27	15	2	1
2005-08-28	146	18	5
2005-08-29	315	34	5
2005-08-30	165	30	6
2005-08-31	170	23	4
2005-09-01	209	25	7
2005-09-02	247	25	4
2005-09-03	112	23	4
2005-09-04	172	38	8
2005-09-05	134	18	2
2005-09-06	110	18	3
2005-09-07	87	16	1
2005-09-08	109	17	0
2005-09-09	116	23	5
2005-09-10	63	10	2
2005-09-11	54	10	2
2005-09-12	42	12	3
2005-09-13	42	7	1
2005-09-14	40	15	2
2005-09-15	41	13	0
2005-09-16	23	15	0
2005-09-17	5	1	0
2005-09-18	24	13	1
2005-09-19	20	7	0
2005-09-20	35	12	1
2005-09-21	22	9	2
2005-09-22	40	13	1
2005-09-23	34	10	0
2005-09-24	25	11	1
2005-09-25	31	7	1
2005-09-26	18	9	3
2005-09-27	32	22	2
2005-09-28	31	13	2
2005-09-29	46	11	2
2005-09-30	15	9	2
2005-10-01	4	4	1
2005-10-02	11	5	0
2005-10-03	28	17	0
2005-10-04	29	12	0
2005-10-05	15	8	4
2005-10-06	8	5	2
2005-10-07	9	3	0
2005-10-08	10	0	0
2005-10-09	3	2	0
2005-10-10	12	10	0
2005-10-11	19	10	4
2005-10-12	21	11	0
2005-10-13	12	6	0
2005-10-14	13	11	0
2005-10-15	14	7	1
2005-10-16	11	1	0
2005-10-17	10	6	1
2005-10-18	4	2	1
2005-10-19	18	8	0
2005-10-20	22	9	1
2005-10-21	23	11	1
2005-10-22	12	5	0
2005-10-23	2	0	0
2005-10-24	16	7	3
2005-10-25	10	4	4
2005-10-26	14	8	1
2005-10-27	21	7	1
2005-10-28	8	4	0
2005-10-29	6	3	0
2005-10-30	5	3	2
2005-10-31	28	21	0
2005-11-01	17	10	1
2005-11-02	19	13	0
2005-11-03	16	7	1
2005-11-04	10	9	0
2005-11-06	13	3	0
2005-11-07	7	3	0
2005-11-08	11	7	1
2005-11-09	12	8	2
2005-11-10	12	8	1
2005-11-11	19	17	1
2005-11-12	4	4	1
2005-11-13	9	4	0
2005-11-14	8	5	1
2005-11-15	24	16	0
2005-11-16	20	2	0
2005-11-17	12	10	3
2005-11-18	5	3	1
2005-11-19	6	3	1
2005-11-20	10	4	0
2005-11-21	13	5	0
2005-11-22	15	11	1
2005-11-23	11	8	1
2005-11-24	2	1	0
2005-11-25	3	1	0
2005-11-26	3	0	0
2005-11-27	9	5	0
2005-11-28	12	10	2
2005-11-29	22	8	1
2005-11-30	3	3	2
2005-12-01	2	0	0
2005-12-02	11	5	0
2005-12-03	2	0	0
2005-12-04	3	1	0
2005-12-05	9	3	0
2005-12-06	10	6	0
2005-12-07	21	15	2
2005-12-08	3	2	1
2005-12-09	8	1	0
2005-12-12	16	5	0
2005-12-13	9	6	0
2005-12-14	14	6	0
2005-12-15	10	2	0
2005-12-16	8	5	2
2005-12-17	6	5	0
2005-12-18	19	5	0
2005-12-19	3	0	0
2005-12-20	4	3	0
2005-12-21	11	7	4
2005-12-22	10	2	0
2005-12-23	7	2	0
2005-12-24	6	1	0
2005-12-25	3	2	0
2005-12-26	5	2	0
2005-12-27	6	4	0
2005-12-28	4	2	0
2005-12-29	1	0	0
2005-12-30	13	4	0
2005-12-31	5	4	0
2006-01-01	2	1	0
2006-01-02	12	7	0
2006-01-03	10	7	1
2006-01-04	9	7	0
2006-01-05	5	4	1
2006-01-06	10	7	2
2006-01-07	14	11	1
2006-01-08	7	0	0
2006-01-09	7	4	1
2006-01-10	6	6	1
2006-01-11	7	5	0
2006-01-12	6	5	2
2006-01-13	3	2	0
2006-01-14	4	0	0
2006-01-15	3	1	1
2006-01-16	4	2	1
2006-01-17	10	10	3
2006-01-18	10	5	0
2006-01-19	12	5	1
2006-01-20	12	8	1
2006-01-21	3	3	0
2006-01-22	1	0	0
2006-01-23	4	3	2
2006-01-24	6	6	2
2006-01-25	3	2	0
2006-01-26	9	4	0
2006-01-27	9	5	2
2006-01-28	6	3	0
2006-01-29	5	3	1
2006-01-30	21	15	0
2006-01-31	7	5	1
2006-02-01	22	5	2
2006-02-02	7	5	1
2006-02-03	10	6	2
2006-02-04	1	1	0
2006-02-05	9	4	0
2006-02-06	7	5	1
2006-02-07	8	7	2
2006-02-08	4	4	0
2006-02-09	7	6	0
2006-02-10	4	2	0
2006-02-11	1	0	0
2006-02-12	3	3	1
2006-02-13	2	2	2
2006-02-14	6	5	3
2006-02-15	11	10	1
2006-02-16	8	2	0
2006-02-17	6	2	0
2006-02-18	7	2	0
2006-02-19	10	2	1
2006-02-20	12	1	0
2006-02-21	4	1	1
2006-02-22	9	2	0
2006-02-23	14	7	1
2006-02-24	28	7	0
2006-02-26	3	0	0
2006-02-27	13	6	3
2006-02-28	7	5	0
2006-03-01	5	4	0
2006-03-02	17	12	0
2006-03-03	10	8	0
2006-03-04	4	1	0
2006-03-05	6	2	0
2006-03-06	7	6	0
2006-03-07	11	10	1
2006-03-08	12	6	3
2006-03-09	24	16	0
2006-03-10	9	6	1
2006-03-12	6	4	0
2006-03-13	13	5	1
2006-03-14	10	5	0
2006-03-15	5	5	0
2006-03-16	6	6	1
2006-03-17	3	0	0
2006-03-18	7	2	0
2006-03-19	4	2	0
2006-03-20	10	7	1
2006-03-21	8	5	1
2006-03-22	21	13	4
2006-03-23	11	3	0
2006-03-24	20	11	0
2006-03-25	14	8	0
2006-03-26	7	4	0
2006-03-27	6	1	0
2006-03-28	10	6	0
2006-03-29	6	5	1
2006-03-30	6	4	0
2006-03-31	5	1	0
2006-04-01	2	1	0
2006-04-02	4	2	0
2006-04-03	6	5	0
2006-04-04	11	8	0
2006-04-05	13	9	0
2006-04-06	11	8	0
2006-04-07	12	5	0
2006-04-08	5	3	0
2006-04-09	14	4	0
2006-04-10	15	10	1
2006-04-11	4	1	0
2006-04-12	5	4	1
2006-04-13	11	7	0
2006-04-14	3	1	0
2006-04-15	2	2	0
2006-04-16	9	1	0
2006-04-17	4	0	0
2006-04-18	13	5	3
2006-04-19	16	8	0
2006-04-20	2	2	1
2006-04-21	7	6	2
2006-04-22	5	4	0
2006-04-23	5	2	0
2006-04-24	14	8	0
2006-04-25	18	7	0
2006-04-26	7	5	0
2006-04-27	12	7	2
2006-04-28	5	1	0
2006-04-29	1	1	0
2006-04-30	10	3	2
2006-05-01	10	6	0
2006-05-02	6	6	3
2006-05-03	3	3	1
2006-05-04	8	8	2
2006-05-05	20	9	2
2006-05-06	1	1	0
2006-05-07	3	2	1
2006-05-08	6	2	1
2006-05-09	4	2	1
2006-05-10	15	8	2
2006-05-11	10	4	1
2006-05-12	6	2	0
2006-05-13	1	0	0
2006-05-14	8	1	0
2006-05-15	23	18	2
2006-05-16	9	7	0
2006-05-17	17	10	0
2006-05-18	9	5	0
2006-05-19	9	7	0
2006-05-20	6	2	0
2006-05-21	4	2	0
2006-05-22	9	4	0
2006-05-23	8	2	0
2006-05-24	27	7	3
2006-05-25	15	12	0
2006-05-26	4	2	0
2006-05-27	2	2	0
2006-05-28	3	1	0
2006-05-29	6	2	0
2006-05-30	12	8	0
2006-05-31	6	5	1
2006-06-01	14	8	1
2006-06-02	10	5	1
2006-06-03	7	4	1
2006-06-04	3	1	0
2006-06-05	10	5	0
2006-06-06	8	6	0
2006-06-07	8	5	0
2006-06-08	12	12	0
2006-06-09	3	3	0
2006-06-10	4	2	0
2006-06-11	11	4	0
2006-06-12	14	7	0
2006-06-13	1	1	1
2006-06-14	2	2	0
2006-06-15	1	0	0
2006-06-16	9	7	3
2006-06-17	8	2	0
2006-06-18	5	4	1
2006-06-19	6	1	1
2006-06-20	3	0	0
2006-06-22	1	0	0
2006-06-23	2	0	0
2006-06-24	4	0	0
2006-06-26	3	2	0
2006-06-27	3	3	0
2006-06-28	8	0	0
2006-06-29	5	1	0
2006-06-30	8	5	0
2006-07-01	7	2	0
2006-07-02	2	1	0
2006-07-03	5	4	0
2006-07-05	1	0	0
2006-07-06	4	3	0
2006-07-08	4	1	0
2006-07-09	2	0	0
2006-07-10	4	0	0
2006-07-11	2	1	0
2006-07-12	5	1	0
2006-07-13	2	1	0
2006-07-14	3	1	0
2006-07-15	4	0	0
2006-07-17	7	3	1
2006-07-18	4	1	0
2006-07-19	9	0	0
2006-07-20	8	5	0
2006-07-21	2	2	0
2006-07-22	1	0	0
2006-07-23	5	0	0
2006-07-24	8	0	0
2006-07-25	9	1	0
2006-07-26	2	0	0
2006-07-27	5	2	0
2006-07-28	4	3	0
2006-07-29	4	0	0
2006-07-31	8	0	0
2006-08-01	2	2	1
2006-08-02	2	0	0
2006-08-03	4	1	0
2006-08-04	6	0	0
2006-08-05	9	3	0
2006-08-06	3	0	0
2006-08-08	5	5	0
2006-08-09	5	2	1
2006-08-10	2	2	0
2006-08-11	5	4	0
2006-08-12	2	1	1
2006-08-13	2	0	0
2006-08-14	2	1	1
2006-08-15	2	2	0
2006-08-16	6	2	1
2006-08-18	3	3	0
2006-08-19	1	1	0
2006-08-20	6	1	0
2006-08-21	3	1	0
2006-08-22	7	3	0
2006-08-23	3	2	0
2006-08-25	4	2	0
2006-08-26	1	1	0
2006-08-27	3	0	0
2006-08-28	8	1	0
2006-08-29	21	13	1
2006-08-30	4	0	0
2006-08-31	6	5	2
2006-09-01	14	9	1
2006-09-02	2	2	0
2006-09-03	6	3	2
2006-09-04	3	2	0
2006-09-05	2	2	0
2006-09-06	9	8	2
2006-09-07	6	5	2
2006-09-08	6	0	0
2006-09-09	10	2	2
2006-09-10	9	5	3
2006-09-11	10	4	1
2006-09-12	14	10	3
2006-09-13	26	14	2
2006-09-14	11	7	2
2006-09-15	15	11	7
2006-09-16	4	1	0
2006-09-17	5	3	3
2006-09-18	30	24	3
2006-09-19	10	8	7
2006-09-20	8	4	0
2006-09-21	3	0	0
2006-09-22	14	9	3
2006-09-23	1	1	0
2006-09-24	9	7	0
2006-09-25	3	3	0
2006-09-26	17	13	6
2006-09-27	15	8	1
2006-09-28	7	3	1
2006-09-29	105	84	14
2006-09-30	13	2	0
2006-10-01	9	6	2
2006-10-02	10	6	1
2006-10-03	10	8	1
2006-10-04	6	4	1
2006-10-05	11	9	4
2006-10-06	4	0	0
2006-10-07	10	8	1
2006-10-08	8	2	1
2006-10-09	11	7	1
2006-10-10	6	5	0
2006-10-11	9	9	3
2006-10-12	3	2	0
2006-10-13	9	9	3
2006-10-14	1	1	0
2006-10-15	1	1	0
2006-10-16	10	8	1
2006-10-17	10	5	2
2006-10-18	8	7	1
2006-10-19	11	11	3
2006-10-20	8	4	0
2006-10-21	5	4	1
2006-10-22	3	3	1
2006-10-23	4	3	2
2006-10-24	10	6	5
2006-10-25	10	6	1
2006-10-26	5	5	1
2006-10-27	5	4	2
2006-10-28	2	2	0
2006-10-29	8	4	1
2006-10-30	3	2	1
2006-10-31	7	7	1
2006-11-01	13	11	2
2006-11-02	5	5	2
2006-11-03	5	5	1
2006-11-04	5	4	0
2006-11-05	10	4	0
2006-11-06	7	3	0
2006-11-07	16	13	0
2006-11-08	9	7	2
2006-11-09	11	9	6
2006-11-10	11	7	2
2006-11-11	7	5	1
2006-11-13	11	8	3
2006-11-14	17	12	8
2006-11-15	3	2	0
2006-11-16	11	5	3
2006-11-17	12	7	1
2006-11-18	3	3	0
2006-11-19	6	5	2
2006-11-20	20	17	5
2006-11-21	4	3	0
2006-11-22	12	6	2
2006-11-23	3	3	0
2006-11-24	3	1	0
2006-11-26	2	2	0
2006-11-27	8	3	1
2006-11-28	6	3	0
2006-11-29	7	4	1
2006-11-30	7	4	0
2006-12-01	12	11	2
2006-12-02	8	6	2
2006-12-03	5	3	1
2006-12-04	6	6	0
2006-12-05	8	7	0
2006-12-06	6	4	0
2006-12-07	5	3	0
2006-12-08	19	14	1
2006-12-09	5	3	1
2006-12-10	13	3	0
2006-12-11	10	2	0
2006-12-12	11	5	2
2006-12-13	3	2	1
2006-12-14	4	4	1
2006-12-15	8	3	2
2006-12-16	1	1	0
2006-12-17	8	3	0
2006-12-18	9	6	1
2006-12-19	7	3	0
2006-12-20	6	3	0
2006-12-21	4	3	1
2006-12-23	5	1	0
2006-12-24	2	0	0
2006-12-25	2	1	0
2006-12-27	1	0	0
2006-12-28	4	1	0
2006-12-30	3	2	2
2006-12-31	2	1	0
2007-01-01	4	1	0
2007-01-02	4	1	1
2007-01-03	3	2	2
2007-01-04	7	2	0
2007-01-05	16	5	1
2007-01-06	1	1	0
2007-01-07	4	2	1
2007-01-08	10	9	3
2007-01-09	4	2	2
2007-01-10	1	0	0
2007-01-11	10	1	0
2007-01-12	15	13	2
2007-01-13	19	2	1
2007-01-14	9	5	0
2007-01-15	4	1	0
2007-01-16	11	7	0
2007-01-17	12	12	1
2007-01-18	4	3	1
2007-01-19	4	4	0
2007-01-20	3	3	0
2007-01-21	1	1	0
2007-01-22	6	5	0
2007-01-23	8	5	0
2007-01-24	12	12	2
2007-01-25	13	11	0
2007-01-26	12	4	1
2007-01-27	1	1	0
2007-01-28	4	3	0
2007-01-29	20	14	2
2007-01-30	9	8	3
2007-01-31	6	2	1
2007-02-01	9	5	0
2007-02-02	8	7	1
2007-02-03	3	1	0
2007-02-04	5	4	0
2007-02-05	4	3	0
2007-02-06	6	2	0
2007-02-07	3	3	1
2007-02-08	5	5	0
2007-02-09	11	9	3
2007-02-10	4	3	1
2007-02-11	10	4	0
2007-02-12	6	6	0
2007-02-13	13	5	0
2007-02-14	8	6	0
2007-02-15	10	8	2
2007-02-16	6	5	4
2007-02-17	8	4	0
2007-02-18	17	15	2
2007-02-19	6	6	0
2007-02-20	19	11	2
2007-02-21	23	14	2
2007-02-22	20	17	3
2007-02-23	14	13	2
2007-02-24	8	2	1
2007-02-25	15	7	0
2007-02-26	3	3	0
2007-02-27	10	7	0
2007-02-28	12	9	0
2007-03-01	5	2	2
2007-03-02	7	2	0
2007-03-03	3	0	0
2007-03-04	7	6	0
2007-03-05	18	15	4
2007-03-06	22	11	6
2007-03-07	21	17	8
2007-03-08	9	9	1
2007-03-09	20	7	0
2007-03-10	1	1	0
2007-03-11	10	7	3
2007-03-12	5	5	0
2007-03-13	3	3	0
2007-03-14	8	7	4
2007-03-15	16	10	3
2007-03-16	3	2	1
2007-03-17	4	0	0
2007-03-18	9	2	1
2007-03-19	12	12	2
2007-03-20	16	10	0
2007-03-21	4	2	0
2007-03-22	10	10	2
2007-03-23	3	1	0
2007-03-24	6	4	0
2007-03-25	13	7	0
2007-03-26	12	9	0
2007-03-27	16	15	0
2007-03-28	10	6	1
2007-03-29	14	7	1
2007-03-30	2	1	0
2007-03-31	1	1	0
2007-04-01	4	3	0
2007-04-02	9	6	0
2007-04-03	6	6	0
2007-04-04	6	6	0
2007-04-05	9	9	0
2007-04-06	3	0	0
2007-04-07	4	3	1
2007-04-09	6	6	1
2007-04-10	14	10	1
2007-04-11	9	2	0
2007-04-12	13	6	1
2007-04-13	7	0	0
2007-04-14	3	3	0
2007-04-15	2	2	0
2007-04-16	13	13	0
2007-04-17	8	8	3
2007-04-18	14	12	0
2007-04-19	6	4	1
2007-04-20	4	3	0
2007-04-21	2	2	1
2007-04-22	8	7	2
2007-04-23	14	7	3
2007-04-24	11	9	1
2007-04-25	10	6	1
2007-04-26	15	9	2
2007-04-27	3	3	0
2007-04-28	7	3	1
2007-04-29	3	1	0
2007-04-30	6	5	0
2007-05-01	10	9	2
2007-05-02	24	20	3
2007-05-03	15	14	0
2007-05-04	6	2	1
2007-05-05	6	2	0
2007-05-06	4	2	0
2007-05-07	6	3	0
2007-05-08	12	9	0
2007-05-09	5	3	1
2007-05-10	7	3	0
2007-05-11	10	7	5
2007-05-12	2	1	0
2007-05-13	3	3	0
2007-05-14	10	7	0
2007-05-15	11	6	2
2007-05-16	7	5	2
2007-05-17	8	5	0
2007-05-18	6	6	3
2007-05-19	4	3	0
2007-05-20	4	3	0
2007-05-21	17	10	2
2007-05-22	8	7	2
2007-05-23	19	17	13
2007-05-24	12	4	1
2007-05-25	1	0	0
2007-05-26	2	1	0
2007-05-27	5	1	0
2007-05-28	4	2	1
2007-05-29	5	3	0
2007-05-30	3	2	0
2007-05-31	10	9	2
2007-06-02	6	3	1
2007-06-03	6	4	1
2007-06-04	2	2	0
2007-06-05	7	6	0
2007-06-06	12	9	3
2007-06-07	7	6	1
2007-06-08	3	1	0
2007-06-10	10	4	0
2007-06-11	27	15	4
2007-06-12	9	8	3
2007-06-13	4	2	0
2007-06-14	3	3	1
2007-06-15	6	1	1
2007-06-16	3	2	0
2007-06-17	6	4	3
2007-06-18	10	9	2
2007-06-19	3	1	0
2007-06-20	1	1	1
2007-06-21	6	4	1
2007-06-22	3	0	0
2007-06-23	2	1	1
2007-06-24	1	1	1
2007-06-25	6	6	0
2007-06-26	7	5	3
2007-06-27	3	3	2
2007-06-28	8	5	1
2007-06-29	1	0	0
2007-06-30	8	7	1
2007-07-01	2	2	2
2007-07-02	2	1	1
2007-07-03	3	2	0
2007-07-04	2	0	0
2007-07-05	1	1	1
2007-07-06	3	2	0
2007-07-07	7	4	1
2007-07-08	4	0	0
2007-07-09	6	6	2
2007-07-10	3	3	0
2007-07-11	7	5	4
2007-07-13	1	0	0
2007-07-14	1	1	0
2007-07-15	1	0	0
2007-07-16	3	3	1
2007-07-17	1	0	0
2007-07-18	2	2	2
2007-07-19	4	1	0
2007-07-20	4	4	0
2007-07-21	2	2	1
2007-07-22	3	3	1
2007-07-23	2	2	0
2007-07-24	8	4	0
2007-07-25	5	0	0
2007-07-26	3	2	0
2007-07-27	1	1	1
2007-07-28	5	1	0
2007-07-30	5	2	0
2007-07-31	9	8	0
2007-08-02	1	1	0
2007-08-03	2	1	0
2007-08-05	5	1	0
2007-08-06	6	1	0
2007-08-07	2	1	1
2007-08-08	2	0	0
2007-08-09	2	0	0
2007-08-10	4	1	1
2007-08-11	1	1	0
2007-08-12	3	2	0
2007-08-13	4	3	0
2007-08-14	4	2	1
2007-08-15	1	1	0
2007-08-16	3	2	0
2007-08-17	3	3	0
2007-08-18	5	1	0
2007-08-19	2	0	0
2007-08-20	8	5	2
2007-08-21	3	2	1
2007-08-22	8	8	0
2007-08-23	4	4	0
2007-08-24	8	4	0
2007-08-25	1	0	0
2007-08-26	1	0	0
2007-08-27	6	5	0
2007-08-28	8	6	3
2007-08-29	10	7	0
2007-08-30	33	14	8
2007-08-31	4	3	1
2007-09-01	4	2	0
2007-09-02	6	2	1
2007-09-04	6	2	0
2007-09-05	2	0	0
2007-09-06	7	2	1
2007-09-07	4	3	2
2007-09-09	2	1	0
2007-09-10	8	5	0
2007-09-11	11	5	1
2007-09-12	1	0	0
2007-09-13	10	7	0
2007-09-14	13	3	1
2007-09-16	1	0	0
2007-09-18	1	1	0
2007-09-19	4	0	0
2007-09-20	1	1	0
2007-09-22	4	0	0
2007-09-23	2	0	0
2007-09-24	4	0	0
2007-09-25	1	1	1
2007-09-26	3	0	0
2007-09-27	3	2	1
2007-09-28	5	2	1
2007-09-29	2	0	0
2007-09-30	1	0	0
2007-10-01	3	1	0
2007-10-03	5	2	1
2007-10-04	6	0	0
2007-10-06	1	1	1
2007-10-07	3	0	0
2007-10-08	2	1	1
2007-10-09	14	13	0
2007-10-10	1	0	0
2007-10-13	4	1	0
2007-10-14	7	2	0
2007-10-15	28	15	3
2007-10-16	4	0	0
2007-10-17	1	0	0
2007-10-18	1	0	0
2007-10-19	7	3	2
2007-10-20	1	0	0
2007-10-22	13	9	0
2007-10-23	7	4	4
2007-10-24	16	2	1
2007-10-25	8	1	1
2007-10-27	4	0	0
2007-10-28	1	1	0
2007-10-29	2	1	0
2007-10-30	8	1	0
2007-10-31	7	4	4
2007-11-01	4	3	1
2007-11-02	3	0	0
2007-11-03	1	1	0
2007-11-04	4	4	1
2007-11-05	17	12	1
2007-11-06	3	3	1
2007-11-07	7	3	0
2007-11-08	9	6	3
2007-11-09	1	1	0
2007-11-10	4	3	1
2007-11-11	3	1	0
2007-11-12	9	3	0
2007-11-13	10	5	5
2007-11-14	1	1	0
2007-11-15	5	5	2
2007-11-16	4	4	1
2007-11-17	3	1	0
2007-11-18	9	7	0
2007-11-19	4	2	1
2007-11-20	7	0	0
2007-11-21	4	1	0
2007-11-22	12	3	0
2007-11-23	4	3	1
2007-11-24	3	1	0
2007-11-25	3	1	0
2007-11-26	10	8	1
2007-11-27	3	3	0
2007-11-28	5	3	0
2007-11-29	4	1	0
2007-11-30	10	9	2
2007-12-01	1	1	0
2007-12-02	3	2	1
2007-12-04	7	3	1
2007-12-05	2	1	1
2007-12-06	6	1	1
2007-12-07	1	0	0
2007-12-08	4	0	0
2007-12-09	1	0	0
2007-12-10	2	1	1
2007-12-11	3	3	2
2007-12-12	1	0	0
2007-12-13	1	1	1
2007-12-16	1	1	0
2007-12-17	1	0	0
2007-12-18	1	0	0
2007-12-22	3	2	2
2007-12-24	2	1	0
2007-12-26	10	5	2
2007-12-27	3	3	0
2007-12-30	1	0	0
2007-12-31	8	2	1
2008-01-01	3	2	0
2008-01-02	4	1	0
2008-01-03	3	3	0
2008-01-04	8	4	2
2008-01-05	3	1	1
2008-01-07	6	5	2
2008-01-08	13	9	2
2008-01-09	10	7	1
2008-01-10	3	3	1
2008-01-11	1	1	0
2008-01-12	6	4	0
2008-01-13	4	4	2
2008-01-14	12	11	2
2008-01-15	8	6	2
2008-01-16	6	5	2
2008-01-17	4	2	0
2008-01-18	5	5	3
2008-01-19	4	1	1
2008-01-20	5	5	0
2008-01-21	3	3	2
2008-01-22	2	2	0
2008-01-23	5	1	0
2008-01-24	5	1	1
2008-01-26	1	1	0
2008-01-27	1	1	0
2008-01-28	4	4	0
2008-01-29	3	1	0
2008-01-30	2	2	0
2008-01-31	3	2	1
2008-02-01	5	2	1
2008-02-02	1	0	0
2008-02-03	3	0	0
2008-02-05	1	0	0
2008-02-06	5	1	1
2008-02-07	2	2	0
2008-02-08	4	2	1
2008-02-09	2	2	0
2008-02-10	3	0	0
2008-02-11	5	1	0
2008-02-14	2	0	0
2008-02-15	1	1	0
2008-02-16	1	0	0
2008-02-17	2	1	1
2008-02-21	3	0	0
2008-02-23	3	1	0
2008-02-24	1	1	0
2008-02-25	3	0	0
2008-02-26	4	1	1
2008-02-28	1	0	0
2008-03-01	1	1	0
2008-03-02	1	0	0
2008-03-03	5	0	0
2008-03-04	2	2	2
2008-03-05	1	0	0
2008-03-06	1	1	1
2008-03-07	1	1	0
2008-03-09	1	0	0
2008-03-10	3	2	0
2008-03-12	1	1	0
2008-03-15	1	1	0
2008-03-16	2	2	0
2008-03-17	7	4	1
2008-03-18	1	1	0
2008-03-19	5	3	0
2008-03-21	6	2	0
2008-03-22	1	1	1
2008-03-23	3	2	1
2008-03-25	5	5	2
2008-03-26	3	2	0
2008-03-27	3	0	0
2008-03-28	2	0	0
2008-03-29	2	2	0
2008-03-30	3	3	3
2008-03-31	11	6	0
2008-04-01	11	6	1
2008-04-02	4	4	1
2008-04-03	1	1	0
2008-04-04	1	1	0
2008-04-05	3	3	3
2008-04-06	1	1	0
2008-04-07	3	2	0
2008-04-08	5	5	1
2008-04-09	6	1	1
2008-04-10	3	1	1
2008-04-11	1	1	0
2008-04-13	1	1	0
2008-04-14	4	4	1
2008-04-17	2	1	0
2008-04-18	3	3	0
2008-04-19	3	2	0
2008-04-20	2	0	0
2008-04-21	2	1	0
2008-04-22	6	2	1
2008-04-25	1	0	0
2008-04-26	1	1	1
2008-04-29	4	3	3
2008-04-30	5	5	1
2008-05-04	3	1	0
2008-05-05	1	0	0
2008-05-06	1	1	0
2008-05-08	3	0	0
2008-05-09	1	1	0
2008-05-10	1	1	0
2008-05-11	4	4	4
2008-05-12	10	1	1
2008-05-13	3	2	2
2008-05-14	3	0	0
2008-05-15	1	1	0
2008-05-16	3	2	2
2008-05-18	1	1	1
2008-05-19	3	2	0
2008-05-21	3	0	0
2008-05-22	1	0	0
2008-05-23	2	1	0
2008-05-24	5	2	0
2008-05-27	2	2	0
2008-05-28	2	0	0
2008-05-29	1	1	0
2008-05-30	1	1	0
2008-05-31	2	0	0
2008-06-02	1	1	1
2008-06-03	2	2	0
2008-06-04	1	1	0
2008-06-05	1	1	0
2008-06-06	4	0	0
2008-06-08	1	1	0
2008-06-13	2	0	0
2008-06-16	2	0	0
2008-06-17	2	0	0
2008-06-18	1	0	0
2008-06-19	3	0	0
2008-06-20	2	1	0
2008-06-21	1	1	0
2008-06-23	1	1	0
2008-06-24	3	0	0
2008-06-27	1	0	0
2008-06-30	1	1	0
2008-07-02	1	1	0
2008-07-04	4	2	0
2008-07-05	1	1	0
2008-07-08	4	0	0
2008-07-09	2	1	0
2008-07-10	3	3	0
2008-07-11	1	0	0
2008-07-12	1	1	1
2008-07-13	3	3	0
2008-07-14	2	0	0
2008-07-15	1	1	0
2008-07-16	3	0	0
2008-07-17	4	2	0
2008-07-18	1	0	0
2008-07-21	5	5	0
2008-07-22	1	1	0
2008-07-23	8	1	0
2008-07-28	1	1	1
2008-07-29	2	1	0
2008-07-30	2	2	0
2008-07-31	2	0	0
2008-08-01	1	1	0
2008-08-02	2	0	0
2008-08-04	4	0	0
2008-08-05	1	0	0
2008-08-06	1	1	1
2008-08-07	7	3	0
2008-08-08	5	0	0
2008-08-10	1	0	0
2008-08-11	1	0	0
2008-08-12	3	1	0
2008-08-13	3	3	0
2008-08-14	7	0	0
2008-08-17	4	3	0
2008-08-18	1	0	0
2008-08-20	3	1	0
2008-08-22	4	2	0
2008-08-25	2	0	0
2008-08-26	5	2	0
2008-08-27	3	1	0
2008-08-28	2	2	0
2008-08-29	1	1	0
2008-08-30	4	4	0
2008-08-31	5	1	0
2008-09-01	11	4	1
2008-09-02	2	2	2
2008-09-03	15	11	2
2008-09-04	6	3	0
2008-09-05	7	7	3
2008-09-06	2	2	0
2008-09-07	6	4	1
2008-09-08	5	5	2
2008-09-09	8	3	0
2008-09-10	6	4	1
2008-09-11	10	6	4
2008-09-12	20	14	3
2008-09-13	14	6	0
2008-09-14	5	1	0
2008-09-15	2	2	0
2008-09-16	2	2	0
2008-09-17	9	8	0
2008-09-18	11	9	2
2008-09-19	4	4	1
2008-09-21	9	8	2
2008-09-22	7	1	1
2008-09-23	8	2	0
2008-09-24	3	3	2
2008-09-25	9	8	0
2008-09-26	5	4	0
2008-09-27	2	0	0
2008-09-28	6	4	3
2008-09-29	14	8	0
2008-09-30	11	9	0
2008-10-01	6	4	0
2008-10-02	3	0	0
2008-10-03	3	3	0
2008-10-04	5	4	0
2008-10-05	3	2	1
2008-10-06	4	3	1
2008-10-07	4	2	0
2008-10-08	1	1	0
2008-10-09	7	1	0
2008-10-10	1	1	0
2008-10-11	5	2	0
2008-10-12	2	1	0
2008-10-13	2	1	0
2008-10-14	4	3	0
2008-10-15	6	5	1
2008-10-16	3	2	0
2008-10-18	3	1	0
2008-10-19	2	2	0
2008-10-20	4	2	0
2008-10-21	3	3	0
2008-10-22	5	5	0
2008-10-23	5	5	0
2008-10-24	2	1	0
2008-10-25	5	2	1
2008-10-26	4	2	1
2008-10-27	9	4	0
2008-10-28	3	3	0
2008-10-29	12	10	1
2008-10-30	2	1	1
2008-11-01	1	1	0
2008-11-02	1	1	0
2008-11-03	2	1	0
2008-11-04	1	1	0
2008-11-05	1	1	0
2008-11-06	20	18	2
2008-11-07	3	1	0
2008-11-09	5	2	0
2008-11-10	5	4	0
2008-11-11	4	2	1
2008-11-16	2	2	1
2008-11-17	5	2	0
2008-11-18	8	4	2
2008-11-19	1	0	0
2008-11-20	5	5	0
2008-11-21	4	0	0
2008-11-22	2	0	0
2008-11-23	3	2	0
2008-11-26	1	0	0
2008-11-30	1	0	0
2008-12-01	5	3	0
2008-12-02	4	0	0
2008-12-03	1	0	0
2008-12-04	2	1	0
2008-12-05	3	0	0
2008-12-08	1	0	0
2008-12-09	2	1	0
2008-12-11	5	1	1
2008-12-12	1	1	0
2008-12-14	4	0	0
2008-12-15	3	1	0
2008-12-16	5	1	0
2008-12-17	5	2	0
2008-12-18	6	2	0
2008-12-19	4	2	0
2008-12-20	2	2	0
2008-12-21	1	1	0
2008-12-22	1	1	0
2008-12-23	5	4	0
2008-12-25	1	1	0
2008-12-26	1	0	0
2008-12-27	1	1	0
2008-12-29	5	3	0
2008-12-30	2	2	0
2008-12-31	2	2	0
2009-01-01	1	1	0
2009-01-02	5	4	0
2009-01-04	1	1	0
2009-01-06	1	0	0
2009-01-07	3	1	0
2009-01-08	3	1	1
2009-01-10	2	2	2
2009-01-11	4	3	1
2009-01-12	6	6	1
2009-01-13	1	1	0
2009-01-14	2	2	1
2009-01-15	2	1	0
2009-01-16	8	2	1
2009-01-17	3	1	0
2009-01-18	3	0	0
2009-01-19	2	0	0
2009-01-20	1	1	0
2009-01-21	4	3	0
2009-01-22	1	1	1
2009-01-23	1	1	1
2009-01-24	4	3	0
2009-01-25	4	4	2
2009-01-26	7	7	2
2009-01-27	11	6	1
2009-01-28	5	3	0
2009-01-29	4	4	2
2009-01-30	6	6	1
2009-02-02	4	2	1
2009-02-03	4	0	0
2009-02-04	5	2	0
2009-02-05	3	1	0
2009-02-06	4	2	1
2009-02-07	2	1	1
2009-02-10	8	6	3
2009-02-11	7	4	3
2009-02-12	3	3	1
2009-02-13	2	2	0
2009-02-14	1	1	0
2009-02-16	5	4	3
2009-02-17	1	1	0
2009-02-18	1	1	0
2009-02-19	7	4	1
2009-02-20	4	4	0
2009-02-21	4	1	0
2009-02-22	4	3	1
2009-02-23	3	2	0
2009-02-24	6	4	3
2009-02-25	1	0	0
2009-02-26	1	1	0
2009-02-27	1	1	0
2009-03-01	1	0	0
2009-03-03	2	0	0
2009-03-04	4	3	1
2009-03-05	4	4	0
2009-03-06	7	2	2
2009-03-07	1	0	0
2009-03-08	4	2	0
2009-03-09	2	1	0
2009-03-10	8	8	1
2009-03-11	6	4	1
2009-03-12	4	4	0
2009-03-14	2	2	0
2009-03-15	1	0	0
2009-03-16	6	6	0
2009-03-17	3	1	1
2009-03-19	1	1	0
2009-03-20	11	0	0
2009-03-21	3	0	0
2009-03-22	2	1	0
2009-03-23	3	2	1
2009-03-24	13	8	2
2009-03-25	3	3	0
2009-03-26	4	2	0
2009-03-28	2	2	0
2009-03-29	2	1	1
2009-03-30	3	3	0
2009-03-31	11	7	1
2009-04-01	6	6	2
2009-04-02	2	2	1
2009-04-03	1	1	1
2009-04-05	2	2	1
2009-04-07	3	1	0
2009-04-08	3	2	1
2009-04-09	4	1	0
2009-04-10	3	2	0
2009-04-11	2	1	0
2009-04-13	6	5	2
2009-04-14	2	2	0
2009-04-15	2	1	0
2009-04-16	4	2	0
2009-04-17	1	0	0
2009-04-19	12	7	0
2009-04-21	7	5	2
2009-04-22	1	1	0
2009-04-23	7	5	0
2009-04-24	1	1	0
2009-04-28	2	1	0
2009-04-29	3	3	2
2009-05-01	1	1	0
2009-05-02	1	1	1
2009-05-03	2	2	2
2009-05-05	1	1	0
2009-05-08	2	1	0
2009-05-11	1	1	0
2009-05-12	2	2	0
2009-05-13	2	1	0
2009-05-14	3	2	2
2009-05-17	1	0	0
2009-05-19	1	1	0
2009-05-22	2	2	0
2009-05-24	2	2	0
2009-05-26	4	2	1
2009-05-28	1	1	0
2009-05-30	1	0	0
2009-06-01	14	11	5
2009-06-02	3	2	1
2009-06-03	2	2	1
2009-06-04	2	2	0
2009-06-05	2	1	0
2009-06-06	2	1	1
2009-06-07	2	2	0
2009-06-08	3	1	0
2009-06-09	2	1	0
2009-06-10	5	2	0
2009-06-11	1	1	0
2009-06-12	1	0	0
2009-06-13	1	0	0
2009-06-15	1	0	0
2009-06-17	3	2	1
2009-06-18	1	1	0
2009-06-20	1	1	0
2009-06-21	2	2	0
2009-06-22	4	4	4
2009-06-23	4	3	0
2009-06-25	2	1	0
2009-06-27	2	0	0
2009-06-29	7	2	0
2009-06-30	7	7	0
2009-07-01	3	2	0
2009-07-02	4	4	0
2009-07-03	1	0	0
2009-07-04	2	1	0
2009-07-05	2	2	0
2009-07-06	4	1	0
2009-07-07	2	2	0
2009-07-09	4	1	1
2009-07-10	7	1	0
2009-07-11	1	0	0
2009-07-12	1	1	1
2009-07-13	1	0	0
2009-07-15	1	0	0
2009-07-18	2	0	0
2009-07-19	1	0	0
2009-07-21	8	2	0
2009-07-22	1	1	1
2009-07-23	2	2	0
2009-07-24	2	0	0
2009-07-25	2	1	1
2009-07-26	2	0	0
2009-07-29	2	0	0
2009-07-30	1	1	0
2009-07-31	1	0	0
2009-08-01	1	1	0
2009-08-03	3	2	0
2009-08-04	2	1	0
2009-08-07	1	1	0
2009-08-10	6	1	1
2009-08-11	2	2	2
2009-08-12	1	1	0
2009-08-14	1	1	1
2009-08-15	1	1	0
2009-08-16	4	0	0
2009-08-17	2	0	0
2009-08-19	1	0	0
2009-08-20	1	1	1
2009-08-21	5	4	2
2009-08-22	1	0	0
2009-08-25	2	1	0
2009-08-26	1	0	0
2009-08-28	3	0	0
2009-08-30	1	1	0
2009-08-31	3	3	0
2009-09-01	1	1	1
2009-09-02	1	0	0
2009-09-03	1	1	1
2009-09-04	2	0	0
2009-09-06	3	3	0
2009-09-09	2	2	0
2009-09-10	9	8	1
2009-09-11	10	1	0
2009-09-12	3	0	0
2009-09-13	2	1	0
2009-09-16	2	0	0
2009-09-18	1	0	0
2009-09-20	1	1	0
2009-09-21	8	1	0
2009-09-22	19	19	7
2009-09-23	4	0	0
2009-09-24	10	7	1
2009-09-26	1	0	0
2009-09-27	1	1	0
2009-09-28	3	0	0
2009-09-29	9	4	0
2009-09-30	2	0	0
2009-10-01	1	0	0
2009-10-03	2	0	0
2009-10-04	2	1	1
2009-10-05	4	2	0
2009-10-06	4	2	0
2009-10-07	2	0	0
2009-10-08	2	2	0
2009-10-10	3	2	0
2009-10-12	4	4	2
2009-10-13	4	3	1
2009-10-14	5	5	3
2009-10-15	1	1	0
2009-10-16	2	2	2
2009-10-17	1	1	0
2009-10-18	2	1	1
2009-10-19	1	0	0
2009-10-20	3	2	0
2009-10-21	1	1	0
2009-10-22	1	1	0
2009-10-24	1	1	0
2009-10-28	4	3	0
2009-10-29	2	1	0
2009-10-30	1	1	0
2009-11-02	2	2	0
2009-11-04	3	3	1
2009-11-09	1	0	0
2009-11-10	2	2	0
2009-11-11	1	1	0
2009-11-12	1	1	0
2009-11-13	3	3	0
2009-11-16	5	1	0
2009-11-19	2	0	0
2009-11-20	2	1	0
2009-11-22	2	1	0
2009-11-23	5	5	0
2009-11-24	1	1	0
2009-11-25	2	2	1
2009-11-28	4	4	0
2009-11-29	2	1	0
2009-11-30	2	2	0
2009-12-01	4	3	0
2009-12-04	3	2	2
2009-12-05	3	2	1
2009-12-07	2	1	0
2009-12-08	3	1	1
2009-12-10	3	0	0
2009-12-11	7	1	0
2009-12-13	4	0	0
2009-12-14	2	1	0
2009-12-15	1	1	0
2009-12-17	4	2	0
2009-12-18	2	2	0
2009-12-20	6	0	0
2009-12-21	4	0	0
2009-12-23	1	0	0
2009-12-24	18	4	0
2009-12-25	1	1	0
2009-12-27	1	1	0
2009-12-29	1	1	0
2009-12-30	3	3	0
2009-12-31	1	1	0
2010-01-02	1	1	0
2010-01-03	3	1	1
2010-01-04	1	0	0
2010-01-05	3	0	0
2010-01-06	1	1	1
2010-01-07	2	2	1
2010-01-08	2	2	0
2010-01-11	2	2	0
2010-01-12	1	1	1
2010-01-13	4	1	1
2010-01-14	9	2	1
2010-01-15	6	6	2
2010-01-16	2	2	0
2010-01-17	1	1	0
2010-01-18	4	1	0
2010-01-19	5	5	0
2010-01-20	1	1	0
2010-01-21	1	1	1
2010-01-22	3	3	2
2010-01-24	2	2	0
2010-01-26	3	3	2
2010-01-27	1	0	0
2010-01-29	1	1	0
2010-01-31	2	0	0
2010-02-01	6	4	2
2010-02-03	2	2	2
2010-02-04	3	1	0
2010-02-05	1	1	1
2010-02-06	2	2	0
2010-02-07	5	2	1
2010-02-08	1	1	0
2010-02-09	2	1	0
2010-02-10	2	1	0
2010-02-13	3	0	0
2010-02-14	1	1	0
2010-02-15	2	2	0
2010-02-16	2	2	0
2010-02-17	2	1	0
2010-02-18	3	3	1
2010-02-19	2	1	0
2010-02-21	2	1	0
2010-02-22	2	2	2
2010-02-24	10	4	1
2010-02-25	3	3	0
2010-02-26	3	1	0
2010-02-27	2	2	0
2010-02-28	5	5	0
2010-03-01	1	0	0
2010-03-02	2	2	0
2010-03-03	2	2	0
2010-03-04	1	1	1
2010-03-05	1	1	1
2010-03-07	1	1	0
2010-03-08	2	2	1
2010-03-09	5	5	0
2010-03-10	7	2	0
2010-03-11	6	1	0
2010-03-12	2	2	0
2010-03-13	3	2	0
2010-03-14	1	0	0
2010-03-15	8	5	1
2010-03-16	2	0	0
2010-03-17	1	1	0
2010-03-18	1	0	0
2010-03-19	1	1	0
2010-03-20	2	0	0
2010-03-21	2	0	0
2010-03-22	3	3	0
2010-03-23	2	1	0
2010-03-24	3	2	0
2010-03-25	2	2	0
2010-03-27	6	0	0
2010-03-28	3	3	0
2010-03-29	1	0	0
2010-03-31	3	3	2
2010-04-01	4	0	0
2010-04-02	4	4	0
2010-04-03	1	1	1
2010-04-05	1	0	0
2010-04-06	2	0	0
2010-04-07	1	1	1
2010-04-10	1	1	1
2010-04-12	1	1	0
2010-04-13	4	3	0
2010-04-14	10	7	3
2010-04-15	2	1	0
2010-04-17	4	0	0
2010-04-18	3	1	0
2010-04-19	2	1	0
2010-04-20	9	2	1
2010-04-21	6	5	2
2010-04-22	4	3	0
2010-04-23	4	4	2
2010-04-24	2	2	2
2010-04-25	1	1	0
2010-04-26	3	1	0
2010-04-28	1	1	0
2010-04-29	7	5	0
2010-04-30	18	1	1
2010-05-01	4	2	0
2010-05-02	1	0	0
2010-05-03	4	2	0
2010-05-04	8	3	0
2010-05-05	5	4	0
2010-05-06	2	1	0
2010-05-07	1	0	0
2010-05-08	1	0	0
2010-05-09	2	2	0
2010-05-10	1	0	0
2010-05-13	1	0	0
2010-05-17	3	3	1
2010-05-18	4	1	0
2010-05-19	2	2	1
2010-05-20	3	1	1
2010-05-22	2	1	0
2010-05-24	1	1	0
2010-05-25	2	2	1
2010-05-26	3	1	0
2010-05-27	3	3	1
2010-05-28	3	1	0
2010-05-29	3	0	0
2010-05-30	3	0	0
2010-05-31	1	1	1
2010-06-01	2	1	1
2010-06-02	9	0	0
2010-06-03	3	3	0
2010-06-04	3	2	0
2010-06-05	2	1	1
2010-06-06	1	1	0
2010-06-09	2	2	0
2010-06-10	1	1	0
2010-06-13	1	0	0
2010-06-14	4	4	0
2010-06-15	3	0	0
2010-06-16	5	3	0
2010-06-17	2	2	0
2010-06-18	1	0	0
2010-06-19	5	0	0
2010-06-22	2	1	0
2010-06-23	3	0	0
2010-06-25	1	1	0
2010-06-27	1	1	0
2010-06-28	2	1	0
2010-06-29	1	1	0
2010-06-30	1	1	0
2010-07-02	2	1	0
2010-07-08	43	2	1
2010-07-10	2	1	0
2010-07-11	1	0	0
2010-07-14	2	2	0
2010-07-15	1	1	0
2010-07-18	2	1	0
2010-07-19	2	1	0
2010-07-20	2	2	1
2010-07-21	3	3	1
2010-07-22	1	0	0
2010-07-23	2	2	0
2010-07-29	2	1	0
2010-07-30	2	2	0
2010-07-31	8	0	0
2010-08-02	1	1	0
2010-08-05	1	0	0
2010-08-06	2	1	0
2010-08-07	1	0	0
2010-08-10	1	1	0
2010-08-11	2	0	0
2010-08-13	4	0	0
2010-08-14	1	1	0
2010-08-15	1	1	0
2010-08-16	2	0	0
2010-08-17	3	1	0
2010-08-18	3	0	0
2010-08-20	1	0	0
2010-08-22	1	1	0
2010-08-23	1	1	0
2010-08-24	1	1	0
2010-08-25	2	2	0
2010-08-26	2	0	0
2010-08-28	4	4	0
2010-08-31	1	1	1
2010-09-01	1	1	0
2010-09-02	3	0	0
2010-09-04	1	1	0
2010-09-07	2	1	0
2010-09-08	1	1	0
2010-09-14	1	1	0
2010-09-15	3	1	1
2010-09-16	2	0	0
2010-09-18	3	2	0
2010-09-19	2	1	1
2010-09-21	6	5	0
2010-09-22	3	3	0
2010-09-27	4	4	4
2010-10-03	1	0	0
2010-10-05	7	2	0
2010-10-06	4	2	0
2010-10-07	1	0	0
2010-10-10	1	1	1
2010-10-12	4	0	0
2010-10-13	1	1	0
2010-10-14	1	1	0
2010-10-15	1	1	0
2010-10-19	1	0	0
2010-10-21	1	0	0
2010-10-27	2	1	0
2010-10-28	1	1	0
2010-10-30	1	0	0
2010-11-01	2	2	0
2010-11-05	1	1	1
2010-11-07	3	2	0
2010-11-09	7	0	0
2010-11-12	2	1	1
2010-11-14	1	1	1
2010-11-15	1	1	1
2010-11-17	1	1	0
2010-11-19	1	1	0
2010-11-21	3	3	0
2010-11-23	1	0	0
2010-11-24	1	1	0
2010-12-03	1	1	0
2010-12-04	3	0	0
2010-12-05	3	0	0
2010-12-06	5	5	0
2010-12-07	7	3	0
2010-12-09	2	1	1
2010-12-10	2	2	2
2010-12-15	1	0	0
2010-12-18	1	0	0
2010-12-20	1	1	0
2010-12-21	15	3	0
2010-12-22	5	2	0
2010-12-23	6	4	0
2010-12-24	1	0	0
2010-12-27	3	0	0
2010-12-28	1	0	0
2010-12-29	6	3	0
2010-12-30	1	1	0
2011-01-01	1	1	0
2011-01-03	2	0	0
2011-01-06	1	1	0
2011-01-07	2	2	0
2011-01-08	5	0	0
2011-01-12	1	1	1
2011-01-13	1	1	0
2011-01-16	5	1	1
2011-01-19	1	0	0
2011-01-20	2	0	0
2011-01-25	10	2	0
2011-01-27	8	2	1
2011-01-28	1	0	0
2011-01-30	1	0	0
2011-01-31	6	3	2
2011-02-03	4	4	2
2011-02-06	1	0	0
2011-02-07	2	1	0
2011-02-08	2	0	0
2011-02-09	1	1	0
2011-02-12	1	1	0
2011-02-13	4	0	0
2011-02-15	1	1	0
2011-02-16	1	1	0
2011-02-18	7	1	0
2011-02-21	2	0	0
2011-02-22	1	0	0
2011-02-23	5	2	0
2011-02-24	2	0	0
2011-02-26	3	0	0
2011-02-28	3	1	0
2011-03-02	1	0	0
2011-03-03	2	1	0
2011-03-05	1	0	0
2011-03-06	2	1	0
2011-03-07	2	2	0
2011-03-08	2	0	0
2011-03-10	1	0	0
2011-03-11	2	0	0
2011-03-14	1	0	0
2011-03-17	1	0	0
2011-03-19	1	0	0
2011-03-20	2	0	0
2011-03-21	1	0	0
2011-03-22	2	0	0
2011-03-26	1	1	0
2011-03-27	1	1	0
2011-03-28	2	2	0
2011-03-29	4	0	0
2011-03-30	2	2	1
2011-03-31	1	0	0
2011-04-02	2	2	0
2011-04-03	4	1	0
2011-04-04	3	2	0
2011-04-05	2	1	0
2011-04-06	2	1	1
2011-04-09	1	0	0
2011-04-10	1	0	0
2011-04-11	3	0	0
2011-04-13	1	0	0
2011-04-14	2	1	0
2011-04-15	1	1	0
2011-04-16	3	3	0
2011-04-17	2	0	0
2011-04-19	1	0	0
2011-04-20	3	3	0
2011-04-22	4	4	0
2011-04-25	4	4	3
2011-04-28	1	1	0
2011-04-29	1	0	0
2011-04-30	1	0	0
2011-05-01	3	2	0
2011-05-03	2	2	1
2011-05-04	2	1	0
2011-05-07	1	0	0
2011-05-08	1	1	0
2011-05-09	1	1	0
2011-05-10	1	1	0
2011-05-11	7	3	2
2011-05-12	4	3	1
2011-05-13	2	2	2
2011-05-15	2	1	1
2011-05-18	2	2	0
2011-05-19	1	1	1
2011-05-20	2	1	0
2011-05-21	3	2	1
2011-05-23	1	1	1
2011-05-24	1	1	0
2011-05-26	2	1	0
2011-05-27	1	1	0
2011-05-28	1	1	0
2011-05-30	1	0	0
2011-05-31	1	1	0
2011-06-01	2	1	0
2011-06-02	2	0	0
2011-06-06	2	0	0
2011-06-07	2	1	0
2011-06-08	1	1	0
2011-06-09	1	1	0
2011-06-10	1	0	0
2011-06-12	2	2	2
2011-06-13	1	1	0
2011-06-14	1	1	0
2011-06-15	2	2	0
2011-06-19	1	0	0
2011-06-20	7	1	0
2011-06-21	14	1	0
2011-06-23	1	1	0
2011-06-24	2	1	0
2011-06-26	1	1	0
2011-06-28	1	0	0
2011-06-29	1	0	0
2011-06-30	2	1	0
2011-07-02	3	2	0
2011-07-03	1	0	0
2011-07-04	1	1	0
2011-07-08	2	0	0
2011-07-12	1	0	0
2011-07-13	2	1	0
2011-07-15	1	0	0
2011-07-16	1	0	0
2011-07-17	3	3	0
2011-07-18	1	1	0
2011-07-19	1	0	0
2011-07-20	2	2	2
2011-07-21	1	0	0
2011-07-28	1	0	0
2011-07-29	1	0	0
2011-07-30	1	1	0
2011-08-02	1	1	0
2011-08-04	1	1	0
2011-08-06	2	1	0
2011-08-07	1	0	0
2011-08-08	2	0	0
2011-08-14	2	2	1
2011-08-17	1	1	0
2011-08-20	1	0	0
2011-08-21	4	0	0
2011-08-25	1	1	0
2011-08-26	2	1	0
2011-08-27	9	5	0
2011-08-30	6	4	1
2011-09-03	12	1	0
2011-09-04	2	0	0
2011-09-05	3	0	0
2011-09-06	3	1	0
2011-09-07	5	5	2
2011-09-08	3	1	0
2011-09-09	1	1	1
2011-09-12	1	0	0
2011-09-13	2	1	1
2011-09-16	1	1	0
2011-09-18	1	0	0
2011-09-19	1	1	1
2011-09-20	3	2	1
2011-09-21	1	1	0
2011-09-22	2	1	1
2011-09-24	1	0	0
2011-09-25	3	0	0
2011-09-26	4	3	1
2011-09-29	1	0	0
2011-09-30	2	1	0
2011-10-02	1	1	0
2011-10-05	1	1	0
2011-10-06	1	1	0
2011-10-07	3	1	1
2011-10-08	7	0	0
2011-10-11	5	0	0
2011-10-12	1	0	0
2011-10-13	3	1	1
2011-10-15	1	0	0
2011-10-16	1	1	1
2011-10-18	1	1	0
2011-10-19	2	1	0
2011-10-20	1	1	1
2011-10-24	2	2	1
2011-10-25	1	1	0
2011-10-29	1	0	0
2011-10-30	1	1	0
2011-10-31	2	2	0
2011-11-01	1	0	0
2011-11-02	5	5	2
2011-11-03	1	0	0
2011-11-04	1	1	0
2011-11-05	1	1	0
2011-11-06	1	1	0
2011-11-07	1	1	1
2011-11-08	1	1	1
2011-11-10	1	1	1
2011-11-11	1	0	0
2011-11-14	1	0	0
2011-11-15	1	1	0
2011-11-16	2	2	0
2011-11-17	1	1	1
2011-11-18	2	1	0
2011-11-21	4	0	0
2011-11-22	2	0	0
2011-11-24	1	1	1
2011-11-25	1	0	0
2011-11-26	6	0	0
2011-11-28	2	2	0
2011-11-30	5	2	0
2011-12-01	1	1	0
2011-12-06	2	2	0
2011-12-07	3	2	2
2011-12-08	1	0	0
2011-12-10	2	2	1
2011-12-11	1	1	1
2011-12-13	2	0	0
2011-12-14	1	0	0
2011-12-15	3	2	1
2011-12-17	4	0	0
2011-12-20	3	2	0
2011-12-22	1	0	0
2011-12-23	1	1	0
2011-12-26	1	0	0
2011-12-28	1	1	0
2011-12-31	2	0	0
2012-01-01	2	0	0
2012-01-02	2	2	1
2012-01-03	2	2	1
2012-01-05	1	0	0
2012-01-06	1	1	0
2012-01-14	2	0	0
2012-01-15	1	0	0
2012-01-16	4	1	0
2012-01-17	5	0	0
2012-01-19	1	0	0
2012-01-20	1	1	0
2012-01-21	1	0	0
2012-01-22	3	0	0
2012-01-24	1	1	0
2012-01-25	1	1	1
2012-01-26	2	2	0
2012-01-29	1	1	0
2012-01-30	2	2	0
2012-01-31	3	0	0
2012-02-01	3	3	0
2012-02-02	3	2	2
2012-02-04	2	2	1
2012-02-06	3	2	1
2012-02-07	1	0	0
2012-02-08	1	1	0
2012-02-10	1	0	0
2012-02-11	1	0	0
2012-02-12	2	1	0
2012-02-13	4	3	1
2012-02-14	1	0	0
2012-02-15	18	4	4
2012-02-16	2	2	1
2012-02-18	2	0	0
2012-02-19	1	0	0
2012-02-21	1	1	0
2012-02-22	1	1	0
2012-02-26	1	0	0
2012-03-07	1	0	0
2012-03-12	2	2	2
2012-03-15	1	1	0
2012-03-16	3	0	0
2012-03-19	2	2	1
2012-03-20	1	1	1
2012-03-21	1	1	0
2012-03-23	2	0	0
2012-03-24	1	1	0
2012-03-27	2	2	1
2012-03-28	1	1	0
2012-03-30	2	1	1
2012-03-31	1	1	1
2012-04-01	1	1	1
2012-04-02	2	0	0
2012-04-04	2	1	1
2012-04-05	1	0	0
2012-04-10	2	1	1
2012-04-11	4	4	0
2012-04-13	2	2	1
2012-04-18	3	2	1
2012-04-19	1	1	1
2012-04-20	3	3	0
2012-04-21	1	0	0
2012-04-22	1	0	0
2012-04-24	1	1	0
2012-04-25	2	2	0
2012-04-26	1	0	0
2012-04-29	1	1	0
2012-05-01	1	1	1
2012-05-02	2	0	0
2012-05-03	6	4	3
2012-05-04	1	0	0
2012-05-07	1	1	0
2012-05-09	3	2	1
2012-05-11	2	1	1
2012-05-16	1	1	1
2012-05-17	4	0	0
2012-05-18	3	3	1
2012-05-21	1	1	0
2012-05-23	3	1	1
2012-05-24	1	1	1
2012-05-25	4	4	1
2012-05-27	2	0	0
2012-05-28	1	1	1
2012-05-29	5	0	0
2012-05-31	1	1	0
2012-06-03	1	0	0
2012-06-05	1	1	1
2012-06-07	6	6	2
2012-06-09	1	1	1
2012-06-10	1	0	0
2012-06-13	2	0	0
2012-06-14	1	1	0
2012-06-15	1	0	0
2012-07-02	1	0	0
2012-07-03	3	0	0
2012-07-04	1	0	0
2012-07-05	1	1	0
2012-07-09	1	1	0
2012-07-12	1	1	0
2012-07-14	1	1	0
2012-07-16	1	1	0
2012-07-17	1	1	0
2012-07-18	1	1	1
2012-07-19	2	2	0
2012-07-20	2	2	0
2012-07-23	2	1	0
2012-07-28	2	0	0
2012-08-07	1	1	0
2012-08-09	2	2	0
2012-08-10	1	0	0
2012-08-14	1	0	0
2012-08-23	1	0	0
2012-08-25	2	1	1
2012-08-29	3	2	0
2012-08-31	2	2	0
2012-09-01	1	0	0
2012-09-04	1	1	1
2012-09-05	1	1	0
2012-09-08	2	0	0
2012-09-09	3	1	1
2012-09-11	1	0	0
2012-09-12	2	0	0
2012-09-13	2	1	1
2012-09-18	2	2	1
2012-09-26	3	3	2
2012-09-27	2	1	0
2012-09-28	2	1	0
2012-09-29	1	0	0
2012-10-03	3	0	0
2012-10-05	2	2	0
2012-10-09	1	1	0
2012-10-10	1	0	0
2012-10-11	3	1	0
2012-10-12	4	4	2
2012-10-13	1	1	1
2012-10-15	4	2	0
2012-10-16	2	0	0
2012-10-17	3	1	1
2012-10-18	3	1	1
2012-10-19	3	2	0
2012-10-23	3	2	0
2012-10-24	1	0	0
2012-10-27	1	0	0
2012-10-29	5	3	1
2012-10-30	13	4	2
2012-10-31	7	1	1
2012-11-01	4	4	2
2012-11-02	1	1	0
2012-11-05	3	3	0
2012-11-06	2	2	1
2012-11-07	1	0	0
2012-11-08	2	1	1
2012-11-09	1	0	0
2012-11-10	1	0	0
2012-11-11	1	1	0
2012-11-14	1	1	0
2012-11-15	2	0	0
2012-11-17	6	1	1
2012-11-18	1	0	0
2012-11-19	3	3	1
2012-11-20	1	0	0
2012-11-21	1	1	0
2012-11-24	1	1	0
2012-11-25	2	0	0
2012-11-26	1	1	1
2012-11-28	3	3	1
2012-11-30	1	1	0
2012-12-01	1	1	0
2012-12-03	2	2	0
2012-12-05	2	2	0
2012-12-06	1	0	0
2012-12-07	2	2	0
2012-12-09	2	2	0
2012-12-10	1	0	0
2012-12-11	6	2	1
2012-12-12	1	0	0
2012-12-13	1	0	0
2012-12-16	1	0	0
2012-12-17	2	0	0
2012-12-22	2	0	0
2012-12-26	2	2	2
2012-12-27	1	1	0
2012-12-28	2	2	0
2012-12-29	1	1	0
2013-01-01	4	4	0
2013-01-02	1	1	0
2013-01-04	1	1	1
2013-01-05	2	0	0
2013-01-06	1	1	0
2013-01-07	1	1	1
2013-01-11	1	0	0
2013-01-12	1	0	0
2013-01-13	1	1	1
2013-01-18	4	4	0
2013-01-19	1	0	0
2013-01-20	1	0	0
2013-01-21	1	0	0
2013-01-23	1	1	1
2013-01-26	6	4	1
2013-01-28	1	1	1
2013-02-01	2	1	0
2013-02-03	6	1	0
2013-02-04	1	0	0
2013-02-06	4	0	0
2013-02-07	1	0	0
2013-02-09	1	0	0
2013-02-13	1	1	1
2013-02-17	1	0	0
2013-02-19	2	1	1
2013-02-20	1	1	1
2013-02-21	1	0	0
2013-02-23	1	0	0
2013-02-24	1	0	0
2013-02-25	2	1	0
2013-02-28	1	1	0
2013-03-04	1	0	0
2013-03-05	3	2	0
2013-03-11	2	1	0
2013-03-13	1	1	0
2013-03-14	1	0	0
2013-03-15	2	2	0
2013-03-17	1	0	0
2013-03-18	7	6	0
2013-03-22	2	0	0
2013-03-25	1	0	0
2013-03-27	1	0	0
2013-03-30	2	0	0
2013-03-31	1	0	0
2013-04-01	1	1	0
2013-04-07	4	4	1
2013-04-08	11	2	0
2013-04-09	1	1	0
2013-04-10	3	0	0
2013-04-13	2	1	0
2013-04-14	1	1	0
2013-04-16	2	0	0
2013-04-18	4	4	4
2013-04-23	1	0	0
2013-04-24	3	1	0
2013-04-26	1	1	1
2013-04-27	1	1	0
2013-04-28	1	0	0
2013-04-29	3	3	0
2013-04-30	6	2	0
2013-05-03	2	1	0
2013-05-06	4	4	0
2013-05-08	5	4	0
2013-05-09	1	0	0
2013-05-10	2	0	0
2013-05-11	2	1	0
2013-05-12	1	0	0
2013-05-13	1	1	0
2013-05-14	2	2	0
2013-05-17	4	1	1
2013-05-18	1	1	0
2013-05-23	1	0	0
2013-05-24	1	1	1
2013-05-25	2	2	0
2013-05-26	1	1	0
2013-05-27	3	0	0
2013-05-28	1	1	0
2013-05-29	4	0	0
2013-05-31	1	1	0
2013-06-02	1	1	0
2013-06-03	1	0	0
2013-06-04	1	1	0
2013-06-07	3	0	0
2013-06-08	2	1	1
2013-06-10	3	0	0
2013-06-15	1	1	0
2013-06-16	1	0	0
2013-06-19	2	2	0
2013-06-20	1	0	0
2013-06-25	1	1	0
2013-06-26	1	1	0
2013-07-02	4	2	0
2013-07-09	1	0	0
2013-07-11	3	3	0
2013-07-12	1	0	0
2013-07-13	3	3	1
2013-07-19	2	2	1
2013-07-20	1	0	0
2013-07-23	1	0	0
2013-07-25	1	0	0
2013-07-26	1	1	0
2013-07-28	5	3	1
2013-07-31	1	0	0
2013-08-01	1	0	0
2013-08-04	1	0	0
2013-08-08	1	0	0
2013-08-10	1	1	0
2013-08-17	1	0	0
2013-08-20	1	0	0
2013-08-21	1	1	0
2013-08-25	1	1	1
2013-08-26	1	1	1
2013-08-28	3	1	0
2013-08-30	3	3	0
2013-09-02	1	0	0
2013-09-03	2	1	0
2013-09-04	1	0	0
2013-09-05	1	0	0
2013-09-10	1	0	0
2013-09-12	5	1	0
2013-09-13	2	1	0
2013-09-14	1	0	0
2013-09-16	1	0	0
2013-09-17	1	0	0
2013-09-18	2	2	0
2013-09-20	1	0	0
2013-09-21	1	1	0
2013-09-23	1	1	0
2013-09-24	3	1	0
2013-09-25	1	1	0
2013-09-26	2	2	0
2013-09-28	1	0	0
2013-09-30	2	0	0
2013-10-02	5	4	0
2013-10-03	1	1	0
2013-10-04	1	1	0
2013-10-07	1	0	0
2013-10-08	1	1	0
2013-10-10	2	2	0
2013-10-11	1	1	0
2013-10-13	1	0	0
2013-10-14	6	6	0
2013-10-15	1	0	0
2013-10-17	1	1	0
2013-10-20	1	0	0
2013-10-21	1	1	0
2013-10-22	8	3	1
2013-10-23	1	0	0
2013-10-24	3	1	0
2013-10-25	2	1	0
2013-10-26	1	0	0
2013-10-28	3	2	0
2013-10-29	1	1	1
2013-10-31	1	1	0
2013-11-04	2	2	0
2013-11-05	1	1	0
2013-11-06	1	1	1
2013-11-07	2	2	1
2013-11-08	3	2	0
2013-11-10	5	2	0
2013-11-11	3	2	2
2013-11-12	5	3	1
2013-11-13	1	1	0
2013-11-17	2	2	0
2013-11-18	4	3	2
2013-11-21	1	0	0
2013-11-22	1	1	0
2013-11-23	1	1	0
2013-11-26	1	1	0
2013-11-27	4	0	0
2013-11-29	1	0	0
2013-12-02	1	1	0
2013-12-04	1	1	0
2013-12-05	2	2	0
2013-12-06	1	1	0
2013-12-09	1	1	0
2013-12-10	1	1	0
2013-12-11	1	1	1
2013-12-12	2	0	0
2013-12-13	3	0	0
2013-12-16	4	1	1
2013-12-17	1	1	0
2013-12-18	1	1	1
2013-12-22	1	1	0
2013-12-23	1	0	0
2013-12-24	1	1	0
2013-12-30	1	0	0
2014-01-02	1	0	0
2014-01-05	1	0	0
2014-01-06	1	1	0
2014-01-09	2	1	1
2014-01-11	1	1	0
2014-01-18	1	1	0
2014-01-20	1	1	0
2014-01-22	1	1	0
2014-01-23	4	1	0
2014-01-24	3	1	0
2014-01-25	1	0	0
2014-01-28	8	1	1
2014-02-03	1	1	0
2014-02-04	2	1	1
2014-02-05	1	0	0
2014-02-06	1	0	0
2014-02-07	1	1	1
2014-02-09	1	0	0
2014-02-10	2	2	0
2014-02-11	5	1	1
2014-02-12	1	1	1
2014-02-13	4	4	1
2014-02-18	1	0	0
2014-02-20	2	0	0
2014-02-21	2	0	0
2014-02-23	1	0	0
2014-02-24	4	0	0
2014-02-27	3	1	0
2014-03-03	2	1	0
2014-03-07	7	5	2
2014-03-10	2	1	0
2014-03-11	1	0	0
2014-03-12	1	0	0
2014-03-13	5	2	0
2014-03-16	1	0	0
2014-03-17	1	1	1
2014-03-18	4	4	1
2014-03-21	1	0	0
2014-03-22	2	0	0
2014-03-23	1	1	0
2014-03-25	1	1	0
2014-03-26	3	0	0
2014-03-28	6	0	0
2014-03-29	1	1	0
2014-03-30	1	0	0
2014-03-31	2	1	0
2014-04-01	1	0	0
2014-04-03	1	1	0
2014-04-04	1	0	0
2014-04-05	2	2	0
2014-04-06	1	1	0
2014-04-08	2	0	0
2014-04-10	1	0	0
2014-04-11	2	2	1
2014-04-14	2	0	0
2014-04-16	2	2	1
2014-04-17	2	2	0
2014-04-21	4	1	0
2014-04-23	1	1	1
2014-04-25	4	3	1
2014-04-26	1	0	0
2014-04-27	1	1	0
2014-04-28	1	1	0
2014-04-30	1	1	0
2014-05-02	1	0	0
2014-05-05	2	0	0
2014-05-06	1	1	0
2014-05-07	5	5	1
2014-05-08	3	3	2
2014-05-12	1	1	0
2014-05-13	1	1	0
2014-05-20	1	1	1
2014-05-22	1	1	0
2014-05-23	1	0	0
2014-05-25	3	3	0
2014-06-01	2	0	0
2014-06-04	1	1	0
2014-06-08	1	0	0
2014-06-09	1	1	0
2014-06-13	3	0	0
2014-06-16	1	1	0
2014-06-18	2	0	0
2014-06-19	1	1	1
2014-06-24	2	2	0
2014-06-26	1	0	0
2014-06-28	2	1	0
2014-07-01	1	0	0
2014-07-07	1	1	0
2014-07-08	1	0	0
2014-07-09	2	2	1
2014-07-11	1	1	0
2014-07-16	1	1	0
2014-07-19	1	0	0
2014-07-22	1	0	0
2014-07-28	3	3	0
2014-08-02	2	1	0
2014-08-04	2	2	0
2014-08-05	1	1	0
2014-08-10	1	0	0
2014-08-13	1	1	0
2014-08-18	1	0	0
2014-08-21	1	1	0
2014-08-22	3	0	0
2014-08-25	2	0	0
2014-08-27	1	0	0
2014-08-31	1	1	0
2014-09-01	5	0	0
2014-09-02	3	0	0
2014-09-03	3	0	0
2014-09-04	3	0	0
2014-09-05	1	1	1
2014-09-06	1	1	0
2014-09-07	2	1	0
2014-09-08	1	1	0
2014-09-10	3	2	0
2014-09-13	1	0	0
2014-09-18	1	1	0
2014-09-21	1	0	0
2014-09-23	2	2	1
2014-09-25	8	6	1
2014-09-27	1	1	0
2014-09-29	2	2	0
2014-10-02	1	0	0
2014-10-05	1	0	0
2014-10-06	2	1	1
2014-10-07	1	1	0
2014-10-10	1	1	0
2014-10-12	2	0	0
2014-10-14	1	0	0
2014-10-15	2	2	0
2014-10-16	2	0	0
2014-10-20	3	3	0
2014-10-21	2	2	1
2014-10-22	1	1	0
2014-10-23	1	0	0
2014-10-24	1	0	0
2014-10-30	2	2	1
2014-11-02	1	1	1
2014-11-03	1	1	0
2014-11-05	7	2	0
2014-11-06	1	1	1
2014-11-11	1	0	0
2014-11-13	2	2	0
2014-11-14	2	0	0
2014-11-15	1	0	0
2014-11-16	3	1	1
2014-11-21	1	1	0
2014-11-23	1	0	0
2014-11-24	1	0	0
2014-11-26	2	2	0
2014-11-28	3	0	0
2014-11-29	1	1	0
2014-12-02	7	4	0
2014-12-03	1	1	0
2014-12-05	1	0	0
2014-12-08	1	1	1
2014-12-09	2	0	0
2014-12-14	1	0	0
2014-12-16	2	2	0
2014-12-17	1	0	0
2014-12-18	1	1	0
2014-12-21	1	1	0
2014-12-30	1	1	0
2015-01-03	3	0	0
2015-01-07	3	0	0
2015-01-11	2	0	0
2015-01-17	1	1	0
2015-01-18	1	0	0
2015-01-19	2	1	0
2015-01-21	3	3	1
2015-01-22	2	2	1
2015-01-28	1	1	0
2015-02-03	3	2	1
2015-02-09	2	1	1
2015-02-11	2	0	0
2015-02-13	1	1	0
2015-02-14	2	2	0
2015-02-17	1	0	0
2015-02-25	5	0	0
2015-03-02	1	0	0
2015-03-03	5	3	0
2015-03-10	5	5	4
2015-03-15	1	0	0
2015-03-18	9	7	0
2015-03-19	1	1	0
2015-03-22	1	1	0
2015-03-23	1	1	0
2015-03-24	2	1	0
2015-03-25	1	1	0
2015-03-26	1	1	0
2015-03-27	1	1	0
2015-04-02	1	1	0
2015-04-03	1	1	0
2015-04-04	1	1	0
2015-04-05	1	1	0
2015-04-06	2	1	0
2015-04-07	2	2	0
2015-04-08	4	3	0
2015-04-09	1	1	0
2015-04-14	3	3	2
2015-04-15	3	3	2
2015-04-18	4	4	0
2015-04-20	2	1	0
2015-04-21	1	0	0
2015-04-22	1	1	1
2015-04-24	2	1	0
2015-04-25	2	0	0
2015-04-27	1	1	0
2015-04-29	2	2	0
2015-04-30	2	0	0
2015-05-03	6	2	0
2015-05-04	1	0	0
2015-05-06	1	1	0
2015-05-07	2	0	0
2015-05-08	2	2	0
2015-05-10	3	3	3
2015-05-15	1	1	0
2015-05-16	1	1	0
2015-05-18	1	0	0
2015-05-20	4	4	0
2015-05-22	2	1	0
2015-05-23	1	0	0
2015-05-24	1	0	0
2015-05-25	3	1	1
2015-05-26	1	1	0
2015-05-28	1	1	0
2015-05-30	1	1	1
2015-06-01	1	0	0
2015-06-04	2	0	0
2015-06-05	2	0	0
2015-06-07	2	1	0
2015-06-10	1	1	0
2015-06-11	1	1	0
2015-06-12	1	1	0
2015-06-14	1	1	1
2015-06-16	4	2	0
2015-06-17	2	0	0
2015-06-18	2	2	0
2015-06-20	2	2	0
2015-06-30	6	1	0
2015-07-01	3	0	0
2015-07-02	4	0	0
2015-07-03	1	0	0
2015-07-04	2	1	0
2015-07-06	1	1	0
2015-07-09	1	1	0
2015-07-12	1	0	0
2015-07-14	2	0	0
2015-07-18	2	2	0
2015-07-19	1	0	0
2015-07-21	2	2	0
2015-07-27	2	1	0
2015-07-28	3	0	0
2015-07-29	1	0	0
2015-07-30	1	0	0
2015-08-03	1	0	0
2015-08-09	2	2	0
2015-08-11	1	0	0
2015-08-12	8	0	0
2015-08-19	1	0	0
2015-08-20	1	0	0
2015-08-21	2	2	0
2015-08-24	5	1	0
2015-08-25	1	0	0
2015-08-26	2	0	0
2015-08-27	1	1	0
2015-08-28	2	2	0
2015-08-29	2	2	0
2015-09-02	1	0	0
2015-09-04	1	1	0
2015-09-07	1	0	0
2015-09-10	1	0	0
2015-09-12	1	0	0
2015-09-13	4	2	0
2015-09-14	1	0	0
2015-09-15	1	1	0
2015-09-17	1	1	0
2015-09-18	1	1	0
2015-09-19	1	1	0
2015-09-21	3	3	0
2015-09-25	1	1	0
2015-09-28	1	1	0
2015-09-30	1	0	0
2015-10-05	2	1	0
2015-10-06	2	2	0
2015-10-07	4	3	3
2015-10-08	1	0	0
2015-10-10	3	0	0
2015-10-15	2	2	0
2015-10-16	2	2	2
2015-10-17	5	4	0
2015-10-19	1	1	1
2015-10-21	4	3	0
2015-10-22	3	3	1
2015-10-23	4	0	0
2015-10-24	2	0	0
2015-10-25	3	0	0
2015-10-26	5	3	0
2015-10-27	6	4	0
2015-10-28	2	2	0
2015-10-31	1	1	1
2015-11-02	4	4	0
2015-11-04	1	1	0
2015-11-08	1	0	0
2015-11-09	6	1	0
2015-11-10	2	2	1
2015-11-11	1	1	0
2015-11-12	1	0	0
2015-11-13	1	0	0
2015-11-17	1	0	0
2015-11-18	1	1	0
2015-11-21	1	1	1
2015-11-23	1	0	0
2015-11-27	1	0	0
2015-11-30	3	2	0
2015-12-01	2	1	0
2015-12-02	2	2	1
2015-12-04	2	1	0
2015-12-05	1	0	0
2015-12-07	3	1	1
2015-12-08	2	2	0
2015-12-09	6	6	0
2015-12-10	1	1	0
2015-12-13	3	1	0
2015-12-14	2	0	0
2015-12-16	1	1	0
2015-12-17	1	0	0
2015-12-18	1	0	0
2015-12-24	2	0	0
2015-12-27	2	0	0
2015-12-28	1	1	0
2015-12-30	1	1	1
2016-01-02	3	0	0
2016-01-06	1	0	0
2016-01-11	1	1	1
2016-01-13	1	1	0
2016-01-15	1	1	0
2016-01-17	2	0	0
2016-01-18	3	3	0
2016-01-19	2	2	1
2016-01-20	1	1	1
2016-01-21	1	0	0
2016-01-24	2	1	0
2016-01-28	1	1	0
2016-01-29	2	2	0
2016-01-30	1	0	0
2016-02-02	2	2	1
2016-02-04	3	3	0
2016-02-05	2	0	0
2016-02-06	2	0	0
2016-02-07	2	2	0
2016-02-08	1	1	0
2016-02-10	1	0	0
2016-02-14	1	0	0
2016-02-15	1	1	1
2016-02-16	3	3	3
2016-02-22	1	1	0
2016-02-24	2	1	0
2016-02-25	1	1	0
2016-03-01	1	1	0
2016-03-02	2	2	1
2016-03-04	1	0	0
2016-03-07	1	1	0
2016-03-08	4	2	1
2016-03-09	1	1	0
2016-03-10	1	0	0
2016-03-11	3	0	0
2016-03-14	3	0	0
2016-03-16	10	1	0
2016-03-22	1	1	1
2016-03-24	1	1	0
2016-03-25	9	9	4
2016-03-26	1	0	0
2016-03-27	3	1	0
2016-03-29	3	0	0
2016-04-06	1	1	0
2016-04-10	1	0	0
2016-04-17	1	1	0
2016-04-18	1	0	0
2016-04-19	2	2	0
2016-04-20	1	0	0
2016-04-23	1	0	0
2016-04-25	1	0	0
2016-04-29	1	1	1
2016-05-02	1	1	0
2016-05-03	2	0	0
2016-05-06	1	1	0
2016-05-16	1	0	0
2016-05-18	1	1	0
2016-05-19	1	1	0
2016-05-27	1	0	0
2016-05-28	1	1	0
2016-05-31	1	1	0
2016-06-05	1	1	0
2016-06-07	1	1	0
2016-06-09	1	0	0
2016-06-10	1	1	0
2016-06-11	1	0	0
2016-06-22	2	1	1
2016-06-23	1	1	1
2016-06-26	1	1	0
2016-06-28	1	1	0
2016-07-06	1	0	0
2016-07-12	1	1	0
2016-07-19	5	1	0
2016-07-23	1	0	0
2016-08-03	1	1	0
2016-08-05	1	1	0
2016-08-07	1	1	0
2016-08-08	2	2	0
2016-08-18	1	0	0
2016-08-26	1	1	0
2016-08-28	1	0	0
2016-08-30	1	1	0
2016-09-02	1	0	0
2016-09-06	2	0	0
2016-09-10	1	0	0
2016-09-11	1	0	0
2016-09-13	2	0	0
2016-09-15	1	1	0
2016-09-16	4	1	0
2016-09-18	1	0	0
2016-09-21	1	1	0
2016-09-26	1	1	0
2016-09-27	2	2	0
2016-09-30	3	1	0
2016-10-02	1	1	1
2016-10-06	1	0	0
2016-10-17	1	1	0
2016-10-18	1	0	0
2016-10-24	1	1	0
2016-10-25	2	2	0
2016-10-27	2	0	0
2016-10-28	1	1	0
2016-10-31	2	0	0
2016-11-06	2	0	0
2016-11-11	1	1	0
2016-11-13	1	1	0
2016-11-17	1	0	0
2016-11-21	1	0	0
2016-11-24	1	0	0
2016-11-27	1	0	0
2016-12-01	2	2	0
2016-12-03	1	1	0
2016-12-04	2	2	0
2016-12-06	1	1	0
2016-12-07	4	0	0
2016-12-11	1	0	0
2016-12-12	2	2	0
2016-12-14	2	2	0
2016-12-15	3	0	0
2016-12-17	2	0	0
2016-12-19	3	3	0
2016-12-20	1	1	0
2016-12-24	4	1	0
2016-12-26	1	1	1
2016-12-29	1	0	0
2017-01-02	1	1	0
2017-01-06	2	1	0
2017-01-08	2	1	0
2017-01-13	3	3	0
2017-01-18	2	1	0
2017-01-19	1	1	0
2017-01-22	2	0	0
2017-01-23	1	1	0
2017-01-25	1	0	0
2017-01-26	1	1	0
2017-01-28	1	1	0
2017-01-30	1	0	0
2017-01-31	1	1	0
2017-02-06	1	1	0
2017-02-07	3	1	0
2017-02-08	5	3	0
2017-02-09	1	1	0
2017-02-12	1	0	0
2017-02-17	2	2	0
2017-02-24	1	1	0
2017-03-03	6	6	0
2017-03-07	2	2	2
2017-03-08	2	1	0
2017-03-11	2	2	0
2017-03-14	1	1	0
2017-03-19	3	2	0
2017-03-20	6	0	0
2017-03-21	1	0	0
2017-03-22	3	0	0
2017-03-23	1	0	0
2017-03-27	2	0	0
2017-03-30	2	0	0
2017-04-02	2	0	0
2017-04-05	2	0	0
2017-04-06	1	0	0
2017-04-10	1	0	0
2017-04-12	6	3	0
2017-04-14	1	1	1
2017-04-17	2	2	0
2017-04-19	4	1	0
2017-04-20	1	0	0
2017-04-21	2	1	1
2017-04-22	2	1	0
2017-04-23	3	2	0
2017-04-24	1	0	0
2017-04-25	2	2	0
2017-04-27	1	1	0
2017-04-28	1	1	0
2017-05-01	1	0	0
2017-05-05	1	0	0
2017-05-10	2	1	0
2017-05-11	2	2	0
2017-05-17	1	1	0
2017-05-21	1	0	0
2017-05-26	1	0	0
2017-06-01	1	0	0
2017-06-04	5	0	0
2017-06-16	3	0	0
2017-06-19	19	0	0
2017-06-20	18	2	0
2017-06-21	9	3	0
2017-06-22	8	0	0
2017-06-23	2	0	0
2017-06-24	3	0	0
2017-06-25	1	0	0
2017-06-26	6	0	0
2017-06-28	1	1	0
2017-06-29	1	1	0
2017-07-02	1	0	0
2017-07-07	2	0	0
2017-07-13	1	0	0
2017-07-15	2	1	0
2017-07-16	2	0	0
2017-07-17	1	1	0
2017-07-18	1	0	0
2017-07-20	2	1	0
2017-07-21	5	2	0
2017-07-22	1	1	0
2017-07-23	6	3	0
2017-07-30	2	2	0
2017-07-31	3	0	0
2017-08-01	1	0	0
2017-08-02	3	0	0
2017-08-03	3	1	1
2017-08-05	1	1	0
2017-08-06	1	0	0
2017-08-07	4	1	0
2017-08-08	6	1	0
2017-08-09	11	1	0
2017-08-10	8	0	0
2017-08-11	3	1	0
2017-08-12	1	0	0
2017-08-13	2	0	0
2017-08-14	2	1	0
2017-08-15	1	0	0
2017-08-16	7	1	0
2017-08-17	4	1	0
2017-08-19	2	0	0
2017-08-20	1	1	0
2017-08-21	4	2	2
2017-08-22	2	1	0
2017-08-23	11	9	1
2017-08-24	6	0	0
2017-08-25	30	2	1
2017-08-26	88	19	0
2017-08-27	37	20	0
2017-08-28	30	11	0
2017-08-29	72	18	3
2017-08-30	28	17	0
2017-08-31	33	11	0
2017-09-01	14	8	0
2017-09-02	2	1	0
2017-09-03	5	0	0
2017-09-04	4	1	0
2017-09-05	6	3	1
2017-09-06	6	2	0
2017-09-07	5	4	0
2017-09-09	2	1	1
2017-09-10	1	1	0
2017-09-11	13	8	2
2017-09-12	4	3	0
2017-09-14	1	0	0
2017-09-17	5	1	0
2017-09-18	1	1	1
2017-09-19	6	2	0
2017-09-20	24	11	2
2017-09-21	10	6	0
2017-09-22	5	1	0
2017-09-23	3	0	0
2017-09-24	8	5	0
2017-09-25	6	2	0
2017-09-26	10	1	0
2017-09-27	10	5	0
2017-09-28	5	2	0
2017-09-29	7	0	0
2017-09-30	10	8	0
2017-10-01	3	1	0
2017-10-02	3	2	0
2017-10-03	5	3	0
2017-10-04	8	7	2
2017-10-05	12	3	0
2017-10-06	6	0	0
2017-10-07	7	2	0
2017-10-08	10	2	0
2017-10-09	11	2	0
2017-10-10	8	4	0
2017-10-11	10	1	0
2017-10-12	14	7	2
2017-10-13	9	7	0
2017-10-14	16	4	1
2017-10-15	17	5	0
2017-10-16	3	1	0
2017-10-17	3	2	0
2017-10-18	4	1	0
2017-10-19	4	3	0
2017-10-20	9	3	0
2017-10-21	8	1	0
2017-10-22	4	1	0
2017-10-23	3	2	0
2017-10-24	3	1	0
2017-10-25	6	5	1
2017-10-27	4	2	0
2017-10-28	11	0	0
2017-10-29	6	1	0
2017-10-30	4	2	1
2017-10-31	5	1	0
2017-11-01	3	0	0
2017-11-02	4	1	0
2017-11-03	7	4	0
2017-11-04	2	1	0
2017-11-05	2	2	1
2017-11-06	1	1	1
2017-11-07	3	2	0
2017-11-08	5	3	0
2017-11-09	8	7	0
2017-11-10	3	2	0
2017-11-13	17	9	2
2017-11-14	2	2	0
2017-11-15	7	4	1
2017-11-16	6	1	0
2017-11-17	10	9	0
2017-11-18	2	1	1
2017-11-19	2	1	0
2017-11-20	2	2	0
2017-11-21	3	2	0
2017-11-23	5	1	0
2017-11-24	11	8	1
2017-11-25	2	2	0
2017-11-26	3	3	0
2017-11-28	9	5	0
2017-11-29	1	1	1
2017-11-30	5	1	0
2017-12-01	3	1	0
2017-12-02	2	2	1
2017-12-03	3	1	0
2017-12-04	2	1	0
2017-12-05	2	1	0
2017-12-06	7	3	1
2017-12-07	1	0	0
2017-12-08	2	0	0
2017-12-09	1	1	0
2017-12-10	6	1	0
2017-12-12	1	0	0
2017-12-13	3	1	0
2017-12-15	5	5	0
2017-12-16	1	1	0
2017-12-18	1	1	0
2017-12-19	4	1	0
2017-12-20	2	2	0
2017-12-22	2	1	0
2017-12-23	1	0	0
2017-12-24	1	0	0
2017-12-28	1	1	0
2017-12-30	1	1	0
2017-12-31	2	0	0
2018-01-03	1	1	1
2018-01-04	3	3	2
2018-01-07	2	1	1
2018-01-08	4	1	0
2018-01-09	7	7	0
2018-01-10	1	0	0
2018-01-13	1	1	0
2018-01-14	3	1	0
2018-01-16	1	1	0
2018-01-19	1	0	0
2018-01-21	3	2	0
2018-01-22	1	1	1
2018-01-23	1	0	0
2018-01-24	1	1	0
2018-01-25	2	2	1
2018-01-26	2	1	0
2018-01-27	3	2	0
2018-01-29	2	2	0
2018-01-30	8	4	0
2018-01-31	1	0	0
2018-02-02	2	2	0
2018-02-03	1	1	0
2018-02-04	3	3	0
2018-02-07	1	1	0
2018-02-11	1	1	0
2018-02-12	1	1	0
2018-02-14	2	1	0
2018-02-15	1	1	0
2018-02-18	1	0	0
2018-02-19	7	7	1
2018-02-21	6	4	0
2018-02-22	6	5	0
2018-02-25	2	2	0
2018-02-26	1	1	0
2018-02-27	1	1	0
2018-03-01	3	0	0
2018-03-02	6	1	1
2018-03-06	1	0	0
2018-03-07	2	2	0
2018-03-09	2	1	0
2018-03-10	3	1	0
2018-03-11	1	0	0
2018-03-12	9	0	0
2018-03-13	2	1	0
2018-03-19	1	0	0
2018-03-22	8	2	0
2018-03-25	1	1	0
2018-03-26	1	0	0
2018-03-27	4	4	0
2018-04-10	3	0	0
2018-04-12	3	1	0
2018-04-13	2	1	0
2018-04-14	1	1	0
2018-04-16	1	1	0
2018-04-17	2	0	0
2018-04-18	4	0	0
2018-04-19	3	3	0
2018-04-20	1	1	0
2018-04-21	1	1	0
2018-04-23	1	1	0
2018-04-24	5	5	3
2018-04-26	1	1	0
2018-04-27	1	1	0
2018-05-01	7	7	2
2018-05-02	4	3	1
2018-05-03	1	1	0
2018-05-04	1	0	0
2018-05-08	1	0	0
2018-05-09	2	2	0
2018-05-12	1	1	0
2018-05-15	1	1	0
2018-05-16	1	1	0
2018-05-18	3	0	0
2018-05-21	2	0	0
2018-05-24	1	1	1
2018-05-26	1	0	0
2018-05-27	4	1	0
2018-05-28	1	0	0
2018-05-29	1	0	0
2018-06-03	1	0	0
2018-06-04	7	4	0
2018-06-10	1	0	0
2018-06-11	1	1	0
2018-06-13	3	3	0
2018-06-18	3	1	0
2018-06-21	5	4	0
2018-06-23	4	0	0
2018-06-24	1	0	0
2018-06-25	5	5	0
2018-06-26	1	1	0
2018-06-27	9	6	0
2018-07-04	1	1	0
2018-07-08	2	2	0
2018-07-10	3	0	0
2018-07-11	1	0	0
2018-07-22	2	1	0
2018-07-24	4	0	0
2018-07-25	1	0	0
2018-08-01	1	1	0
2018-08-03	1	0	0
2018-08-07	1	1	0
2018-08-08	1	1	0
2018-08-13	4	1	0
2018-08-14	1	1	0
2018-08-15	1	0	0
2018-08-16	1	0	0
2018-08-19	2	1	0
2018-08-21	1	0	0
2018-08-24	2	1	0
2018-08-26	1	1	0
2018-08-27	1	1	1
2018-08-29	2	0	0
2018-09-01	3	1	0
2018-09-03	1	1	0
2018-09-08	2	0	0
2018-09-10	5	1	0
2018-09-11	2	1	0
2018-09-12	1	1	0
2018-09-13	8	3	0
2018-09-14	4	1	0
2018-09-16	3	2	0
2018-09-17	3	0	0
2018-09-18	2	2	0
2018-09-19	3	2	1
2018-09-20	1	0	0
2018-09-21	2	1	0
2018-09-22	1	0	0
2018-09-24	1	1	0
2018-09-25	1	1	1
2018-09-29	1	1	0
2018-10-03	9	7	0
2018-10-04	1	0	0
2018-10-05	1	1	1
2018-10-06	1	1	0
2018-10-08	2	2	0
2018-10-09	1	1	0
2018-10-10	4	0	0
2018-10-11	5	1	0
2018-10-12	1	1	0
2018-10-13	1	0	0
2018-10-14	1	0	0
2018-10-18	6	1	0
2018-10-24	4	3	3
2018-10-28	1	0	0
2018-10-29	1	0	0
2018-10-30	4	4	1
2018-10-31	1	0	0
2018-11-01	9	0	0
2018-11-03	1	0	0
2018-11-04	1	1	0
2018-11-06	1	0	0
2018-11-09	2	1	0
2018-11-12	2	0	0
2018-11-13	1	1	0
2018-11-16	3	0	0
2018-11-21	1	0	0
2018-11-24	2	1	0
2018-11-28	2	2	0
2018-11-29	2	0	0
2018-12-03	1	1	0
2018-12-05	4	3	0
2018-12-06	7	4	0
2018-12-13	3	3	0
2018-12-15	2	2	2
2018-12-24	2	1	0
2018-12-25	1	0	0
2019-01-02	2	0	0
2019-01-04	1	0	0
2019-01-05	1	1	0
2019-01-07	3	0	0
2019-01-10	8	3	2
2019-01-11	1	0	0
2019-01-13	1	1	1
2019-01-16	2	1	0
2019-01-20	1	0	0
2019-01-25	2	0	0
2019-01-26	1	1	1
2019-02-07	2	0	0
2019-02-09	1	0	0
2019-02-10	3	0	0
2019-02-12	3	0	0
2019-02-13	1	1	0
2019-02-15	2	0	0
2019-02-17	2	0	0
2019-02-18	1	0	0
2019-02-21	5	0	0
2019-02-22	1	0	0
2019-02-26	1	1	0
2019-02-27	1	1	0
2019-03-01	1	1	0
2019-03-04	2	2	0
2019-03-05	1	1	0
2019-03-18	1	0	0
2019-03-20	1	0	0
2019-03-26	1	0	0
2019-03-27	4	4	1
2019-03-29	3	3	0
2019-04-01	2	2	0
2019-04-02	6	6	0
2019-04-05	1	1	0
2019-04-06	2	1	0
2019-04-07	1	1	0
2019-04-11	1	1	0
2019-04-14	1	1	0
2019-04-15	1	1	0
2019-04-16	1	1	0
2019-04-20	1	1	0
2019-04-22	2	2	0
2019-04-25	1	1	0
2019-04-29	4	4	1
2019-05-02	1	1	0
2019-05-07	4	2	0
2019-05-08	2	1	0
2019-05-09	4	3	0
2019-05-11	1	1	0
2019-05-13	9	6	0
2019-05-18	1	0	0
2019-05-20	4	2	0
2019-05-24	2	2	0
2019-05-29	2	0	0
2019-05-31	2	2	0
2019-06-04	1	0	0
2019-06-07	2	2	2
2019-06-10	4	4	0
2019-06-13	1	0	0
2019-06-16	4	0	0
2019-06-17	2	0	0
2019-06-24	1	0	0
2019-06-27	2	0	0
2019-06-28	1	1	0
2019-06-30	1	0	0
2019-07-07	4	0	0
2019-07-08	2	0	0
2019-07-09	1	1	0
2019-07-10	2	2	1
2019-07-12	2	0	0
2019-07-19	2	1	0
2019-07-23	1	0	0
2019-07-30	1	1	0
2019-08-02	17	0	0
2019-08-03	1	0	0
2019-08-08	1	0	0
2019-08-14	1	1	0
2019-08-18	4	0	0
2019-08-22	1	0	0
2019-08-23	1	0	0
2019-08-24	7	0	0
2019-08-26	1	1	0
2019-09-01	1	0	0
2019-09-02	1	0	0
2019-09-04	1	0	0
2019-09-08	3	2	0
2019-09-09	3	1	0
2019-09-10	1	0	0
2019-09-11	3	0	0
2019-09-15	1	1	0
2019-09-16	1	1	0
2019-09-17	1	1	0
2019-09-18	3	2	0
2019-09-19	2	0	0
2019-09-20	1	0	0
2019-09-23	1	0	0
2019-09-24	1	1	0
2019-09-27	1	1	0
2019-09-29	2	0	0
2019-09-30	5	2	0
2019-10-04	1	1	0
2019-10-05	3	0	0
2019-10-08	1	0	0
2019-10-09	1	0	0
2019-10-14	1	0	0
2019-10-17	1	1	0
2019-10-18	2	1	0
2019-10-23	1	0	0
2019-10-24	3	1	0
2019-10-30	4	2	0
2019-10-31	14	5	0
2019-11-03	1	0	0
2019-11-06	1	0	0
2019-11-07	1	0	0
2019-11-13	1	1	0
2019-11-14	2	2	0
2019-11-15	4	0	0
2019-11-17	1	0	0
2019-11-18	1	0	0
2019-11-25	2	2	0
2019-11-29	1	1	1
2019-12-15	1	1	0
2019-12-21	1	1	0
2019-12-29	2	2	0
2020-01-12	1	1	0
2020-01-14	1	1	0
2020-01-15	2	0	0
2020-01-19	1	0	0
2020-01-21	2	0	0
2020-01-22	2	1	0
2020-01-23	1	1	0
2020-01-26	3	1	0
2020-01-27	2	0	0
2020-01-30	1	0	0
2020-02-03	4	0	0
2020-02-08	3	0	0
2020-02-10	2	2	0
2020-02-13	1	1	0
2020-02-14	1	1	0
2020-02-19	4	4	1
2020-02-20	1	0	0
2020-02-23	1	0	0
2020-02-25	1	1	0
2020-02-27	1	0	0
2020-02-29	1	0	0
2020-03-07	1	0	0
2020-03-12	1	0	0
2020-03-13	1	0	0
2020-03-16	1	1	0
2020-03-17	2	2	0
2020-03-27	1	0	0
2020-03-28	1	0	0
2020-04-06	2	0	0
2020-04-09	1	1	0
2020-04-11	2	2	0
2020-04-18	1	0	0
2020-04-20	1	0	0
2020-04-21	1	0	0
2020-04-22	1	1	0
2020-04-28	1	1	0
2020-05-04	1	1	0
2020-05-05	2	1	0
2020-05-09	2	0	0
2020-05-10	7	7	0
2020-05-12	2	1	0
2020-05-14	2	1	1
2020-05-15	1	1	0
2020-05-22	4	0	0
2020-05-23	1	0	0
2020-05-24	2	0	0
2020-05-26	1	1	0
2020-06-01	1	0	0
2020-06-02	1	1	0
2020-06-03	1	0	0
2020-06-04	2	0	0
2020-06-08	2	2	0
2020-06-09	1	1	0
2020-06-10	1	1	0
2020-06-11	1	1	0
2020-06-14	3	3	0
2020-06-15	1	0	0
2020-06-22	1	0	0
2020-06-25	1	0	0
2020-06-26	1	0	0
2020-06-27	2	0	0
2020-07-08	1	1	0
2020-07-13	1	1	0
2020-07-14	1	0	0
2020-07-15	8	0	0
2020-07-25	1	1	0
2020-07-26	1	1	0
2020-07-31	1	1	0
2020-08-02	1	0	0
2020-08-03	1	1	0
2020-08-04	2	2	0
2020-08-07	1	0	0
2020-08-12	3	3	1
2020-08-14	1	1	0
2020-08-20	1	0	0
2020-08-21	2	0	0
2020-08-24	1	1	0
2020-08-26	2	0	0
2020-08-28	1	1	1
2020-08-29	1	0	0
2020-08-31	1	1	0
2020-09-02	1	1	0
2020-09-07	1	1	0
2020-09-24	1	1	0
2020-09-25	1	1	0
2020-09-29	1	1	0
2020-10-07	2	1	0
2020-10-11	1	0	0
2020-10-12	1	1	0
2020-10-13	1	1	0
2020-10-15	1	0	0
2020-10-17	1	0	0
2020-10-19	1	1	0
2020-10-22	1	1	1
2020-10-30	1	1	0
2020-11-03	3	0	0
2020-11-09	1	1	0
2020-11-14	1	0	0
2020-11-18	2	1	0
2020-11-19	1	1	0
2020-11-20	1	1	0
2020-11-23	1	0	0
2020-11-24	1	1	0
2020-11-30	3	2	0
2020-12-02	1	0	0
2020-12-09	1	0	0
2020-12-17	1	0	0
2020-12-20	1	0	0
2020-12-22	1	1	0
2021-01-02	1	1	0
2021-01-11	3	2	0
2021-01-13	1	1	1
2021-01-14	1	0	0
2021-01-16	1	0	0
2021-01-20	1	0	0
2021-01-21	1	0	0
2021-01-24	2	0	0
2021-01-26	1	1	0
2021-02-08	1	1	0
2021-02-12	2	2	1
2021-02-13	2	0	0
2021-02-14	1	1	1
2021-02-15	1	0	0
2021-02-20	1	0	0
2021-02-22	1	0	0
2021-02-23	1	1	0
2021-02-25	2	2	0
2021-02-27	1	0	0
2021-03-09	7	7	1
2021-03-16	1	1	1
2021-03-17	1	0	0
2021-03-24	1	1	0
2021-03-25	3	3	0
2021-03-28	1	0	0
2021-03-30	1	1	0
2021-04-04	5	5	0
2021-04-08	1	0	0
2021-04-18	2	2	1
2021-04-19	1	1	0
2021-04-21	1	1	0
2021-04-22	1	1	0
2021-04-23	1	0	0
2021-04-27	1	0	0
2021-04-30	1	1	0
2021-05-01	3	3	0
2021-05-04	5	5	1
2021-05-06	1	0	0
2021-05-08	1	1	0
2021-05-09	2	1	0
2021-05-11	1	1	0
2021-05-14	1	1	1
2021-05-16	1	1	0
2021-05-17	1	1	0
2021-05-18	1	1	0
2021-05-25	2	2	0
2021-05-27	1	1	0
2021-05-28	1	0	0
2021-05-29	2	1	1
2021-06-06	1	1	0
2021-06-08	1	1	1
2021-06-15	1	1	0
2021-06-18	6	3	0
2021-06-20	2	2	0
2021-06-21	1	1	0
2021-07-06	1	1	1
2021-07-18	1	1	0
2021-07-19	1	0	0
2021-07-22	1	1	1
2021-07-30	3	0	0
2021-08-09	1	1	0
2021-08-10	1	1	0
2021-08-30	2	0	0
2021-09-07	1	0	0
2021-09-08	3	2	1
2021-09-15	3	2	0
2021-09-23	1	1	0
2021-09-25	1	1	0
2021-09-26	1	1	0
2021-09-27	2	1	0
2021-09-28	1	0	0
2021-09-29	5	3	1
2021-10-07	1	1	0
2021-10-10	1	1	0
2021-10-11	1	1	0
2021-10-13	2	0	0
2021-10-17	1	1	0
2021-10-18	1	0	0
2021-10-19	1	1	0
2021-10-25	1	0	0
2021-10-30	1	0	0
2021-11-02	2	0	0
2021-11-08	3	2	0
2021-11-28	2	0	0
2021-11-29	1	1	0
2021-12-03	1	0	0
2021-12-05	2	2	0
2021-12-06	1	1	0
2021-12-07	1	1	0
2021-12-13	3	0	0
2021-12-15	1	1	0
2021-12-20	1	1	0
2021-12-28	1	1	1
2021-12-29	1	1	1
2022-01-04	1	0	0
2022-01-05	1	0	0
2022-01-16	2	0	0
2022-01-18	1	1	1
2022-01-19	1	1	0
2022-01-31	1	0	0
2022-02-03	2	0	0
2022-02-05	1	0	0
2022-02-08	2	2	0
2022-03-12	1	1	0
2022-03-28	2	0	0
2022-04-01	1	0	0
2022-04-08	1	1	0
2022-04-10	1	1	0
2022-04-19	1	1	0
2022-04-22	1	1	0
2022-04-26	1	1	0
2022-05-02	2	2	0
2022-05-03	1	1	0
2022-05-11	1	1	1
2022-05-12	1	1	1
2022-05-15	1	1	0
2022-05-16	2	2	0
2022-05-23	2	0	0
2022-06-06	1	1	0
2022-06-08	1	0	0
2022-06-09	1	1	0
2022-06-14	1	0	0
2022-06-22	1	0	0
2022-06-23	1	1	0
2022-07-04	1	0	0
2022-07-09	1	1	0
2022-07-19	1	0	0
2022-07-21	2	0	0
2022-07-23	1	1	0
2022-08-13	1	1	0
2022-08-26	1	0	0
2022-09-01	1	0	0
2022-09-03	1	0	0
2022-09-08	1	1	0
2022-09-12	2	0	0
2022-09-18	1	0	0
2022-09-21	1	1	0
2022-09-26	1	0	0
2022-09-28	2	0	0
2022-09-29	1	1	0
2022-10-04	2	0	0
2022-10-06	1	0	0
2022-10-07	1	1	0
2022-10-09	5	0	0
2022-10-11	5	2	0
2022-10-24	1	0	0
2022-10-25	2	2	2
2022-10-29	3	0	0
2022-11-02	1	1	1
2022-11-04	1	0	0
2022-11-06	1	0	0
2022-11-08	3	2	1
2022-11-12	1	0	0
2022-11-13	2	0	0
2022-11-15	1	0	0
2022-11-17	1	0	0
2022-11-19	1	0	0
2022-11-23	1	0	0
2022-12-01	3	0	0
2022-12-12	1	1	0
2022-12-13	1	1	0
2022-12-16	1	0	0
2022-12-25	1	0	0
